0.999996557299
0.999999995594
0.983479755256
0.895202097791
0.0165640507669
0.552685528638
0.999605729559
1.7640077822e-06
0.999999990881
0.762774418101
0.999996147902
0.937999596828
0.999999743483
0.999642398621
0.71931253152
0.999999986976
0.405321546837
0.950937687109
0.997341982315
0.999996838284
0.997144953467
0.99017394744
0.418622088615
0.99963957734
0.26041400962
0.952935016589
0.999999990291
0.995712095468
0.307856908566
0.965894597747
0.979568862981
0.937402072079
0.209506847393
0.999999999945
0.379872833439
0.99999999953
0.999986890544
0.87277158433
0.999195096489
0.974551910147
0.703353681548
0.683997868533
1.0
0.00204548826688
0.215611701715
0.511682298228
0.999999999994
0.992492822399
0.885032509605
0.954189854874
0.999999999826
0.897100941102
0.999740493099
0.146735255608
0.999876501814
0.926250168985
0.999999998998
0.999996004624
0.96609282576
0.0300346228278
0.945661969917
0.999998634186
0.999999749976
0.957931071565
0.999996642879
0.516181461381
0.997011817313
0.999999752813
0.992001172793
0.999999999984
0.999971525318
0.998816404117
0.999991242054
0.863749606101
0.243345257465
0.275749491832
0.99996317337
0.99699598213
0.999999991695
0.606769809083
1.0
0.022899690511
0.999999970488
0.967922649656
0.999804478403
0.0234826512689
0.998516461212
0.950832152475
0.941287846985
0.998845117127
0.00853952683097
0.996643788721
0.968926187335
1.0
0.999999986504
0.999994510188
0.00167503429513
0.999871819545
0.993498937512
0.0528809772317
0.965622404536
0.999169531833
0.00692436538464
0.938944887243
0.999999024029
0.0303431667882
0.99552339953
0.999999999997
0.987875411591
0.997108192065
0.993025416704
0.999999999995
0.999999999843
0.999581899423
0.999871713727
0.99999999228
0.914434626822
0.964660999252
0.999999158316
0.999999999945
0.99854914823
0.988515232572
0.999885584673
0.997409674269
0.999330141743
0.999999173852
0.999999999633
0.754807458197
0.996771751279
0.0178699818095
0.796949048947
0.999999661835
0.999997931988
0.378332039668
0.946013491112
0.997570253367
0.99997037108
0.593824306621
0.839824196701
0.999999995901
0.00237542624382
0.999998826014
0.987829545912
0.95775891072
0.998668507701
0.00547219693977
0.904462863516
0.957368637771
0.0692661959307
0.836250687592
0.798142685604
0.94699531223
0.999999420024
0.975130732256
0.99999999928
0.386860667532
0.999999838777
0.987623520247
0.999969731363
0.944630923452
0.999999987674
0.999949199105
0.99999999996
0.498887905713
0.848140738214
0.986273967792
0.999997330808
0.999999999713
0.999957340633
0.999999999997
1.0
0.96223023421
0.999999989748
0.999999984598
0.431445286309
0.130793733546
0.61339056428
0.999932451267
0.999999999691
0.819949242531
0.457931789752
0.999987264966
0.999714238111
0.972049678116
0.999999276086
0.40924568599
0.0318314711285
0.999999999999
0.85526445121
0.941071154908
0.675908371868
0.888597918816
0.834098350244
0.999999756697
0.0120225952361
0.992588166385
0.999999703355
0.972635159011
0.943583912356
0.999999999912
0.998398418023
0.999998426586
0.967431253936
0.994272974624
0.993932409543
1.0
0.998866085807
1.0
0.908255650545
0.99995676872
0.997783366761
0.881738408934
0.230783781503
0.998995818099
0.999987360983
0.999258268852
0.903691877099
0.990747042786
0.180127137345
0.0112715154507
0.970405815029
0.999999396429
0.00114737912605
0.994451992948
0.999999999742
0.999999977645
0.996245393709
0.999999999981
0.999991114875
0.685322578914
0.994667341625
0.999999999997
0.699752190328
0.986291124356
0.941770990784
0.739681572963
0.625598610207
0.997836472079
0.999012860776
0.999643180724
0.999994178079
0.999999763764
0.999999999999
0.999826350075
0.999021831598
0.999999968189
0.999997695592
0.999999999244
0.211534617617
0.985627768755
0.999999940088
0.526416124889
0.97866798387
0.935159202372
0.999999999981
0.978702748836
0.990635242771
0.999996896938
0.999723519597
0.315853159459
0.934228727909
0.290552727124
0.999942787587
0.95908877639
0.999999999958
0.999078305235
0.999991731038
0.999999307434
0.999987662031
0.980985267474
0.999986303605
0.00429020194291
0.166288624102
0.0932015835014
0.963314871797
0.63255343904
0.996919649046
0.999999910613
0.743275434225
0.999999948256
0.999991926286
0.882279581099
0.991832426462
0.998315874813
0.000105117027192
0.261188498494
0.985571013097
0.999186270227
0.959951647074
0.240864458739
0.999867912224
0.144147125112
0.98858209762
0.457445262851
0.655242329647
0.979261653056
0.0184168252915
1.0
0.999936794296
0.999944694675
0.99999997544
0.990610372385
0.99957753996
0.890386831832
0.999999999961
0.736115344401
0.999998432831
0.034043576083
0.999999949154
0.972141012849
0.99992565873
0.00128707078189
0.99998912841
0.987813058997
0.925494797363
0.0280889917176
0.145700823119
0.999999149849
0.999997792976
0.999876017628
0.0875991944915
1.0
0.999177892332
0.867954743106
0.998521599292
0.999896853306
0.987770103635
0.0298009823287
0.999995165986
0.806628027808
0.999999999999
0.0025608706861
0.00404191909751
0.866499734668
0.999971489625
0.533565347522
0.986311524981
0.102458121798
0.967293803071
0.988818450584
0.800792896452
0.997112774664
0.994115452502
0.999991297187
0.999991668251
0.104809554195
0.188836512892
0.99939819889
0.999998799791
0.999999999999
0.999999971083
0.999952082994
0.376683113797
0.917396312254
0.999977136175
0.620155761798
0.999999079737
0.00556015921238
0.999681994806
1.0
0.999999981798
0.82582767786
0.911844172226
0.99852610642
0.277787436604
0.185998569867
0.412765526729
0.99997347156
0.808499236942
0.999999999999
0.561316736655
0.935120801405
0.734924141796
0.486275715299
0.99967129769
0.969591239461
0.976953768458
0.999994228854
0.817520444163
0.0266547312318
0.999999969409
0.962831970981
0.999926904091
0.43523264508
0.994540025785
0.999487373415
0.982734140642
0.927023105533
0.999999792465
0.170866149263
0.996891025537
1.0
0.999999651017
0.999998875991
0.998460381115
0.995706460594
4.29640799163e-09
0.999999999749
0.999998144548
0.999981047907
0.998928939956
0.999518311622
0.999969334846
0.733441490733
0.961790250584
0.999136542584
0.872594172599
0.993420411739
0.999999983656
0.0961284198212
0.999930507847
0.998563571402
0.999999853655
0.999999999099
0.992628528378
0.999999999998
0.999297520337
0.999988056857
0.419847023897
0.999998526206
0.999981296484
0.999983593351
0.000465620256013
0.999681376793
0.999999999982
0.999999514735
0.998748648572
0.979852505519
0.910347720071
0.999871553268
0.039216620332
1.0
0.154059616211
0.872222753274
0.914201571983
0.999809724691
1.0
0.0774778399928
0.986106564627
0.999593141554
0.999999999631
0.470840761856
0.999999999213
0.999998969158
0.999999894053
0.999490066169
0.99998132098
0.538667480625
0.914519870218
0.114444758775
0.999999999796
0.488474169864
0.996283576479
0.99999999557
0.511303495961
0.999999999998
0.992986354734
0.596384997086
0.590054197483
0.932874528515
0.991338782989
0.999990390765
0.791969036315
0.999994859526
0.998009053212
0.719882116243
0.110129428184
0.00607372866958
0.998887498695
0.999999999652
0.0801902537172
0.985861121405
0.999792557284
0.999817746458
0.999997744259
0.999999850698
0.999998876468
0.999261002993
0.999998552315
0.993910071767
0.999914772169
0.899679475471
0.409735148301
0.967680980753
0.824594648673
0.919480745129
0.999999856019
0.999981080197
0.99999926572
0.630516496895
0.014317533976
0.999779926875
0.996663038894
0.993340577868
0.999997052611
0.999999999974
0.996266089784
0.999999999968
0.99930986466
0.943916805909
0.999999594119
0.817008953234
0.999963989816
0.466747480581
0.00258576402384
0.999999922784
0.999999831841
0.999999889095
0.999999133895
0.987255325791
0.99999999998
1.0
0.999999999973
0.999990087917
0.999999989265
0.999870010011
0.00634173057018
0.998979992426
0.999986995463
0.961589513767
0.98029882647
0.999999903066
0.999910353614
0.999961937327
0.998412035014
0.577912412217
0.130709952548
0.999950467887
0.941589569314
0.177886482176
0.941718792201
0.98835678527
0.92690265204
0.99999813702
7.27523959227e-05
0.999940513783
0.951453052553
0.999946168186
0.999999284575
0.991879132534
0.0413339151652
0.980236143576
0.906993621418
0.926341474083
0.866303989005
0.166940517052
5.12564679444e-06
0.7912835675
0.751890539258
0.973530319246
0.975776936998
0.00840001085759
0.999989953415
1.0
0.583134762161
0.999942941411
0.999996783526
0.999829310902
0.999999998225
0.261795853679
0.999992456385
0.919268343746
0.999934854599
0.301593087125
0.473325355321
0.490066138637
0.999543539
0.999912225506
0.606188482413
0.0520438447825
0.999998882632
0.973587608477
0.997692330168
0.00296612696284
0.999999863198
0.996695826596
0.999011619808
0.992972432927
1.0
0.999999999983
0.196885060036
0.999942412611
0.487271377509
0.00577520076107
0.984162465256
0.00787612895558
0.996610344707
0.999514716396
0.999990312585
2.88707413906e-06
0.968870208369
0.999278742256
0.987353204338
0.999999998
0.991096867777
0.997289984756
0.999966885246
0.499882583026
0.999999980781
0.52913758474
0.932323825503
0.0197006794555
0.999999999113
0.999999999979
0.996288666034
0.999990741514
0.80372761442
0.999363085323
0.999971693173
0.788566019508
0.970982175371
9.27694912274e-05
0.999999985457
0.999999959922
0.999992944153
0.490664481569
0.713495657819
0.00966097409475
0.194390536584
0.883928746286
0.571579583006
0.67735677971
0.999999912843
0.99989427744
0.999999958098
0.999722960304
0.99860969023
0.999795152774
0.98140781163
0.74021836972
0.884890056227
0.803666054002
0.997347197336
0.989642522451
0.99938592943
0.978423453748
0.996706004824
0.999998836755
0.997877918497
0.0272067208288
0.825811595626
0.00236700625327
0.999992246618
0.977931574175
0.970443236682
0.999159382313
0.999855705
0.941287846985
0.999913191155
0.648000679747
0.997488635094
0.999999997999
1.0
0.999999999686
0.98961109348
0.883681326221
0.987297339881
0.999999999966
0.999935742624
0.989667207434
0.992769389188
0.999879769784
0.412245326611
0.98775840957
0.999999999948
0.999944841553
0.999999311312
0.414081552102
0.999999937379
0.00237751045504
0.729395236975
0.999999999984
0.9969101333
0.853690636273
0.999999999859
0.00196870923957
0.999999999949
0.0100559534874
0.994520520257
0.999999989752
0.999936159385
0.999206360404
0.0421957896492
0.982631605925
0.363630752891
0.999999927973
0.630109119848
0.994523243569
0.999993622339
0.990803818097
0.712672592961
0.576274611844
0.847065445481
0.986880282573
0.99999810176
0.99988240522
0.99999875404
0.939869135495
0.988004737156
1.0
0.921370622132
0.999973472143
0.97147902065
0.999956480194
0.488030321767
0.999996300606
0.983083938405
0.99913377624
0.99996956108
0.672488931667
0.998891548413
0.997399165372
1.0
0.966059388241
0.363581907744
0.916837793453
1.0
0.756727572943
0.146057701183
0.999995257681
0.999980029354
0.270355475025
0.463784250089
0.887335538096
0.999914563007
0.990972584634
0.999999971884
0.000492773666632
0.0313088304959
0.999560631353
0.999999896862
0.996748525942
0.980297946664
1.0
0.999925321509
0.9999995351
0.999999962874
0.806846231793
0.0722873430595
1.0
0.993534835112
0.02950878441
0.839502277424
0.72106540515
0.999687279813
0.0315426784795
0.876477947279
0.957131782799
0.991833847297
0.999999999955
0.978379629444
0.994891615
0.999771948595
0.999603133407
0.997240751528
0.994371429371
0.937086966409
0.997868068284
0.537681009549
1.0
0.0597936463344
0.999999995386
0.025053520679
0.994111062629
0.999999995694
0.585956050542
0.999999999954
0.999032631473
0.999953459931
0.988372363295
0.774178151229
0.996342102352
0.999968552764
0.999990553951
0.624016668328
0.999757047756
0.999999999669
0.999998415408
0.999984790426
0.998130474845
0.999996587704
0.99999907566
0.0371114361767
0.101712138204
0.999999768834
0.999999673724
0.999368609153
0.999980351606
0.967383704435
0.496027544173
0.999998603219
1.0
0.942298600204
0.999999984302
0.98342536451
0.431450528362
0.997285161316
0.999998588335
0.985500088051
0.998497483287
0.999921701276
0.999961090793
0.973884628328
0.888771895899
0.929408284376
0.999999846396
0.999999966019
0.992651489546
0.999999995091
0.40356549259
0.999959012084
0.999999999314
0.999999999987
0.999597107501
0.999999972655
0.999999953156
0.465311943882
0.999845715084
0.720199556134
0.999292976053
0.115991037841
0.999999958888
0.361727875559
0.216789322677
0.99994492733
0.999999741798
1.0
0.35710626244
0.99951947158
1.0
0.999998816463
0.999049388177
0.334213562358
0.982172188328
0.996442577043
0.999732626723
0.403777247635
0.578631794363
0.00287809591485
0.973268759171
0.369504361179
0.999999998939
4.02823023607e-05
2.92295612307e-07
0.999979291541
0.999999999296
0.998784757916
0.996549354483
0.123945554952
0.999981752405
0.967246677659
0.99933038496
0.997411525525
0.975970293613
0.99999999925
0.999995161272
0.999989557497
0.22140046064
1.0
1.0
0.983830044712
0.999417720535
0.999383052451
0.953375528784
0.995877498545
1.0
1.0
0.999975787814
0.996999482255
0.999786463309
0.995992846262
0.00231865120137
0.00745393396761
0.99999999906
0.749892022658
0.996314780233
0.99993280232
0.920904118521
0.858672104978
0.990839982324
0.991318290916
0.928405806974
0.998453287717
1.0
0.0830921219732
0.99997569048
0.999970001753
0.976288053366
0.999999973659
0.999595504693
0.999971747844
0.976950794346
0.978674789967
0.998921314124
0.999999999999
0.928415397626
0.999400472665
0.999999999997
0.999999993841
0.960705880039
0.597063591097
0.485205980555
0.99999999907
0.997420207281
1.0
0.982538698337
0.999687755066
0.983823869447
0.455062696802
0.441800990725
0.997353142232
0.999999412023
0.999927467889
0.000253171092585
0.999999992879
0.790467804567
0.999083211152
0.999999990263
0.94053332404
0.00472994022865
0.0379250680663
0.00750964238454
2.21311057225e-08
0.999999999999
0.999813983467
0.737121801154
0.995233139829
0.956643975338
0.999022533519
0.758509102236
0.00133813469519
0.999999999993
0.868813944974
0.999307488568
0.999896055721
0.999999980324
0.768125513972
0.999953137495
0.723791608941
0.513680778228
0.961811425992
0.713912072457
0.797249245888
1.0
0.996787031891
0.999999989697
0.999999996972
0.94304309025
0.999999984532
0.999999999953
0.98930807801
0.808416109102
0.99999879964
0.999999995961
0.99999999999
0.999999721784
0.203353548684
0.999974407063
0.00369604473813
0.999986076664
0.999963479978
0.999485625461
0.999606129773
0.999757655627
0.992908041811
0.00239422833635
0.407529939583
0.998217010341
0.873610165386
0.999986797424
0.99999997674
0.956502454427
0.342543842685
0.204112204771
0.998024051157
0.107823341381
0.82603879331
0.999539996781
0.000110351520627
0.999999449122
0.999823642542
0.999971774678
0.99693398652
0.99712315524
0.997750540713
7.61698387814e-05
0.999999639148
0.999157845967
0.999974181516
0.999999932471
0.997014786845
0.999964565011
0.999999997852
0.999854039366
0.0871538694977
0.703387517531
0.991496783172
0.998441901084
0.679821371435
0.999999952211
0.99991028418
0.920822471293
0.00868892377905
0.508703705051
0.395697492555
0.946104568954
1.0
0.999999991823
0.459801736958
0.999689077004
0.995558093723
0.999999997224
0.884612969187
0.998519671316
0.955107308367
0.94396028081
0.971019297173
0.998083972732
0.999999884232
0.956180062962
0.698840508857
0.672740524165
0.989642649012
0.983653583928
0.999996456698
0.999450270348
0.999999988414
0.149195147107
0.999298439918
0.98593069501
0.282553098298
0.0947343211322
0.164463675744
0.0910263384727
0.998856458845
0.999999967948
0.998643465604
0.999999828742
0.999913846209
0.891718832977
0.889284249147
0.948195315386
1.0
0.998075807022
0.98491134047
0.549097530247
0.648665118508
0.993514261382
0.99999807582
0.692278649366
0.999956787656
0.955063682783
0.866742341683
0.951415550566
0.998291589452
0.999997893211
0.610741593032
0.123253139856
0.999999996473
0.999989393741
0.999999874732
0.258873826251
0.997612899331
0.777714760352
0.999758795196
0.999999943524
0.997449088373
0.974017165112
0.999620111137
0.999999988898
1.0
0.190436807287
0.994905796425
0.999161376238
0.796623766347
0.999999796245
0.00174688922388
0.995235482416
0.987164331737
0.999997592189
0.999742101178
0.966008158653
0.92514251051
0.998429601484
0.999202986663
0.676947411724
0.994669616272
0.999999988539
0.95307899712
0.999999979969
0.999999998869
0.999980267573
0.8367552298
0.999988934585
0.999999983007
0.999973889154
0.999972860326
0.999990290858
0.999915344033
0.00530733897639
0.206967373036
0.664208957506
0.998932339143
0.0871932266906
0.999989259236
0.976633754845
0.999999587452
0.999888341277
0.997444189458
0.999996730895
0.999999995497
0.999773050969
0.999999999507
0.999996688137
0.999962909112
0.999999987784
0.679198517566
0.999692591755
0.979301741745
0.00236700625327
0.999991580472
0.999938528162
0.98626277235
0.999999999917
0.19333119766
0.349131090103
0.994252116874
0.999998569089
0.937024317226
0.999999994339
0.374049294567
0.102309093727
0.999993088286
0.999999964169
0.999997995843
0.572284651149
0.906770795181
0.97403811418
0.927597103586
0.999999999886
0.999999999871
0.00138673569965
0.999997591956
0.999999999988
0.980892473152
0.999971253938
0.260605602719
0.999564790905
0.999998217667
0.974963980648
0.121761424504
0.999999680446
0.0058747128817
0.315045616556
0.00249532763722
0.984084073047
0.999999993967
0.858693756172
0.984592244262
0.00152031579838
0.999956784468
0.961520489722
0.138783840669
0.999999508028
0.997518979105
0.99821298806
0.99999689821
0.99737139681
0.99995914431
0.999987798346
0.159663195223
0.999990048361
0.999999980498
0.740862403341
0.999394639234
0.998708192715
0.78478026503
0.998121716389
0.922702071443
0.999999722278
0.440298951639
0.989389022309
0.891619666785
6.41021506175e-05
0.72040671822
0.997691020688
0.999999999995
0.999999991812
0.999999950513
0.999982382002
0.0199265781865
0.837908860186
0.0766389303976
0.950716575039
0.99984287304
0.860145561728
0.998806782032
0.999926785884
0.788077538649
0.999999990246
0.981595989791
0.999999991275
0.997431756295
0.213057061434
0.796869508463
0.999015635216
0.999958432101
0.999606917494
0.991606671956
0.990792252963
0.999999707071
0.0103254388219
0.991211724672
0.466388523144
0.99999999876
0.999999910307
0.987513904795
0.884352134993
0.997230930209
0.997849044605
0.999645428618
0.99999988376
0.961168291561
0.999999999702
0.99998910318
0.00153659205249
0.99993034483
0.99999882058
0.50680300958
0.279823955975
0.999999991402
0.99998070269
0.743332687132
0.998709444991
0.221857743815
0.876673134465
0.774198205684
0.998398652996
1.0
1.02120931715e-05
0.999959943007
0.999999793602
0.863038616641
0.999999844184
0.999936695168
0.998423333617
0.0219514564446
0.236317499314
0.999928758854
0.999888911117
0.993904366823
0.999999990779
1.0
0.948394478365
0.839795399234
0.202011158148
0.977583027635
0.999378302951
0.999576408492
0.20022798871
0.996658336799
0.994939213728
0.999951254905
0.0669631775393
0.999966339621
0.990506223849
0.996216281135
0.933748561393
0.967424583939
0.969100778944
0.00438385302652
0.999999585666
0.998421739141
1.0
0.177374857325
0.999999999999
0.716116079006
0.996382013473
0.000215756484592
0.987991270157
0.14768839394
0.999997941522
0.173424607229
0.482110751026
1.0
0.997727491104
0.0820186134878
0.980043203539
0.999980174965
0.998746725746
0.867580387511
0.639566680738
0.797661682846
0.473303666319
0.625019890958
0.999919265509
0.999983187854
0.135365891603
0.904860527684
0.878268380027
1.0
0.99926486532
0.999997879607
1.70872573018e-06
0.966826969776
0.992259321
0.281443265853
0.999390274884
0.999970022306
0.999924827987
0.998809079261
0.999989966554
0.999916248484
0.825203496031
0.999999089966
0.999998712879
0.999991171872
0.047259659315
0.999999999975
0.74590492482
0.826044366554
0.999999876969
0.999022573192
0.757861645662
0.103251919778
0.998339666157
0.0295228126765
0.97217584891
0.784548302299
0.999993412093
0.7561734173
0.412611517714
0.997989808899
0.999920252225
0.999999999937
0.479698400587
0.999062098343
0.0298911841981
1.0
0.998473709266
0.99997552219
0.999820198736
0.999999861812
0.999966645019
0.100760306108
0.9751464304
0.970117035612
0.791465279879
0.974028573701
0.367020283338
0.963048983452
0.960491981801
0.526470274723
0.808192360199
0.516531359257
0.665563421097
0.988702372146
1.81954499622e-05
0.998197677396
0.686687810866
0.873491817191
0.832790869177
0.999999997791
0.998559101202
0.946693646017
1.0
0.0743120397146
0.871320824964
0.999875881588
0.255903398724
0.865386814145
1.0
0.994886916908
0.999999999999
0.999999999841
0.999999966145
0.99976295227
0.9999732047
0.998892585764
5.615856045e-08
0.999999998603
0.999999979782
0.999999997642
0.999998893637
1.0
0.549017200065
0.999999964104
0.999384170103
0.183471778603
0.996282618554
0.999909093631
0.00190313178697
0.966787183936
0.999999950734
0.850302451203
0.086636582914
1.0
0.990197478735
0.983943799112
0.994146419617
0.702731159103
0.999999999955
0.999958338912
0.99955689037
0.999985472185
0.597787675967
0.99523485867
0.999992688852
0.000283402486401
0.406819230119
0.999914641247
0.0484223441613
3.21599601342e-06
0.997337479969
0.999906572321
0.999999962147
0.928815057723
0.959763784623
0.0012479037735
0.999948401919
0.990311130926
0.955000471741
0.999996876613
0.0038504968834
0.999856014197
0.969242726032
0.997994033688
0.999990984952
0.998878701684
0.940973034967
0.510813555842
0.999998776172
0.999999759699
0.999997196654
0.9997035124
0.999164910003
0.98621103205
0.985605892913
0.999995807429
0.999492634084
1.0
1.0
0.999995106898
0.994438786277
0.999999972269
0.958784647313
0.999974147492
0.999980297599
0.999990424724
0.999548504796
0.999338471567
0.144231750574
0.999868581986
0.0145320679261
1.0
0.999993893343
0.998657116037
1.0
0.999871063126
0.999999999929
0.0139165943151
0.887930957284
0.991978193217
0.619829833291
0.793757065597
0.999976050045
0.972322679944
1.0
0.982238592197
0.838996195155
0.0493874573976
0.999999266697
0.8652809369
0.99666300946
0.937229866156
0.986386962769
0.999999983206
0.999999583597
0.96269082673
0.999999375704
0.999999956408
0.923228953325
0.912398712281
0.151222624818
0.999993075353
0.855339320417
0.99995303933
0.999736066765
0.999861214117
0.999999488551
1.0
0.999982780152
0.309579743847
0.99999908294
0.948489565034
0.999999912063
0.986855820488
0.998740423943
0.999975503146
1.0
0.0834138392252
0.995772088804
0.211881991191
0.999872961369
0.999999993024
1.0
1.0
0.937501838076
0.964149060025
0.998384983481
0.999999955526
0.7476027494
0.99999445845
0.999999929868
0.999989894702
0.849647319268
0.990684386098
0.99999999979
0.945189274993
0.992773253908
0.999999051725
0.99999995826
0.98173918397
0.999980232181
0.995953039145
0.999806421405
0.00848219712936
0.999958671225
0.347779406277
0.0396876240162
0.0077479097768
0.999999055608
0.999866140481
0.938246740524
0.999868097992
0.68569947587
0.951874974148
0.999956911457
1.0
0.0106990126522
0.993483156512
0.254499842698
0.999998521894
0.999999997964
0.134483517975
0.999999966228
0.164805310683
0.999999985645
0.673786305327
0.999999999985
0.999969398261
0.347452161689
0.899781798939
0.963151007665
0.999915130358
0.999999999987
0.0160515181705
0.0320518189171
1.0
0.330988418521
0.00566085284571
0.998945673247
0.180087804217
0.989481515574
0.999999953923
0.274914821086
0.999999906836
0.999902731507
0.999999999846
0.983000580966
0.91828229112
0.701488410732
0.983916001683
0.103166397611
0.461891555128
1.0
0.063337222174
0.999999998865
0.999946927868
0.793011119168
0.982155521867
0.000237523774415
0.0447532170261
0.999780456539
0.867476375772
0.0343679026148
0.436095709567
0.999902268722
0.999998658375
0.999999854889
0.40434650529
0.999829029016
0.958562731588
0.954209017763
2.52444973865e-12
0.1136427553
0.993754478061
0.348981538596
0.915374501044
0.994864062766
0.933576990412
0.310733894941
0.997319212579
0.999688067172
0.997274419586
0.99975129339
0.405053716823
0.999988428721
0.98319124548
0.727175272507
0.999840908789
0.964228012097
0.998352724723
0.992192658403
0.937992646339
0.986215428393
0.999999999997
0.00919217152161
0.0210893675067
0.999995636677
0.998874456543
0.999999999977
0.999331096084
0.999791939731
0.621992785095
0.999998171585
0.99999993418
0.737037774586
0.999975446798
0.996178169724
0.906563748745
0.195676062882
0.916996991659
0.999998638091
0.935285669313
0.999990563096
0.999989776157
1.0
0.278796085332
0.0506070046281
0.999999999999
0.999968968105
0.952097281578
0.999999999992
0.759098641821
0.997048622734
0.631644423589
0.999999983398
0.897888275889
0.999999989348
0.846632329123
0.97026333582
0.614915750315
0.941938422385
0.99997627941
0.994548672919
0.659382888385
0.991059657182
0.677033662193
0.686291718034
0.905704069432
0.269483604425
0.999973044364
0.688776803612
0.999136867744
0.997710885515
0.999067807896
0.992671924354
0.162968537116
0.999999999865
0.0311202181518
0.99992135089
0.808795328843
0.985547077408
0.98360788812
0.795198664934
0.00161298632912
0.999999934275
0.931959876262
0.989314009408
0.999999999639
0.999322854657
0.999887646574
0.99999981505
0.209739310629
0.999999774616
0.293930914695
0.999999967351
0.999977773895
0.99250064215
0.992672591891
0.999999999961
0.999999428688
0.999999999614
0.58316731078
0.999780096318
0.937909809053
0.99971890644
0.842631628035
0.197596898379
1.0
0.999943501187
0.999981098679
0.53705758535
0.99999659112
0.977773835787
0.968047559054
0.996855089969
0.000289493167406
0.999998633272
0.999993622148
0.999958358372
0.992516844666
0.998320561566
1.0
0.991798546833
0.999999959822
0.999999992581
0.228595178072
0.773390419719
0.999999999557
0.999856914515
0.930093208632
0.986500336631
0.929730602572
0.999993874221
0.987770723359
0.889236173954
0.362217418801
0.999887171304
0.836913485859
0.0502793837288
0.0238501544987
1.0
0.927039792832
0.126848727913
0.996936896379
0.999999998758
0.99995475336
0.999999636255
1.0
0.999998874177
0.917896688367
0.486839880866
0.991542102127
0.999906896346
0.262998048413
0.999211338613
0.996856814738
0.0511964189501
0.999997239944
0.998858267341
0.999177310392
0.999476373932
0.999999999969
0.996326121619
0.906124041423
0.996883661645
1.0
0.999995323887
0.99999583549
0.0928006028332
0.962212507433
0.999999154658
0.999999996873
0.999879885245
0.544469837033
0.999998250553
0.985778378573
0.751106520989
0.999848872808
0.999852468371
0.999999999899
0.995059845874
0.985672865983
0.999999755132
0.999540964101
0.972871408445
0.0136105922641
0.999999998999
0.999999999997
0.845958609678
0.981614160307
0.999997673307
0.999878818592
0.804261566799
0.89228253066
0.870261458334
1.0
0.255812612991
0.00520012097606
1.0
0.997986471914
0.0819103095751
0.939005675227
0.948843193574
0.999998610711
0.999653973463
0.983090755714
0.999497882915
0.999854352469
0.93381580642
0.999999999998
0.0878725465343
0.901316735715
0.999995724699
1.0
1.0
0.517376050488
0.999939327292
0.999374340681
0.999287189597
0.0378533450836
0.993538308009
0.999807281475
0.0185322880883
0.999992445704
0.999357420662
0.999999996069
0.0141780157624
0.999999388294
0.981011115911
0.999999818512
0.927811967387
0.99002961658
0.995719299215
0.999970031927
0.0707444655207
0.999998062811
0.99999995381
0.999999999824
0.999999761005
0.99999986987
0.997980748251
0.397410611379
1.0
0.999999849346
0.0878370817908
0.94504285426
0.999999837943
0.984856753895
0.999892364253
0.996450320712
0.999999636222
0.999985717541
0.902077566184
0.120027511374
0.999977426417
1.0
0.999999999055
0.101870802284
0.999999996343
0.999999998768
0.999999760898
0.997723795405
0.999999979546
0.989754200469
0.999999999347
0.997452543278
0.999984659052
1.0
0.997153163366
0.880524856783
0.999248177759
0.999981163702
0.999999933611
0.999999088831
1.0
0.999865137697
0.425783202937
0.988830212277
0.999803885351
0.608704968209
0.906771745598
0.997139183075
0.415161585738
0.999996356396
0.978578985915
1.0
0.999999487349
0.99777864548
0.985214594013
0.999999931129
0.999930688283
0.999915778909
0.592045035242
0.437571479441
0.999830478258
0.993923850107
0.0211966145008
0.999397411831
0.991744889868
0.99999997004
0.999999609126
0.0273073186346
0.999060195695
0.999998229975
0.461227308472
0.999999999673
0.9999941677
0.999375007203
0.955368831639
0.997498529362
0.0793663606168
2.31591110148e-05
0.988020136262
0.0614258570326
0.9959774951
0.999988964698
0.999999999507
0.999928416896
1.0
0.999999999774
0.999626902168
0.999999957403
0.000861487972793
0.999941176292
0.987013325146
0.691762079459
0.777941647599
0.998410803574
0.911685114086
0.999998449594
1.0
0.952004682644
0.999999976239
0.999999893661
0.879478852661
0.995952129146
0.648646810644
0.971150975779
0.895369470317
0.999986258662
0.919424576662
0.999690473976
0.999991406386
0.999959769923
0.977952068973
0.999846896282
0.999999999998
0.0690701638112
0.999982406339
0.999998156779
0.995207941489
0.988512317669
0.151066125463
0.82201120543
0.624969080906
0.999995119622
0.999999123609
0.999999999679
0.99904737879
5.27829477091e-06
0.77619521661
4.52104457517e-06
0.999999746841
0.999999919875
0.235955052673
0.999230457785
1.0
0.900336313355
0.99999969547
0.99914435638
0.0498946819796
0.999999989394
0.9999981287
0.565070173467
0.999420005276
0.874566568438
0.843323021943
0.999548985817
0.999921869195
0.920793226252
0.756649044528
0.726513277948
0.90971148481
0.99570537099
0.993323338118
0.916353133897
0.578317753866
0.998098332681
0.989440498853
0.99888255504
0.999010582631
0.982752490637
0.385737962686
0.28757831536
9.28740605121e-08
0.877669063837
0.352606643975
0.966848339719
0.00214706564807
0.999999999998
0.112419383841
0.999999991028
0.999743699277
0.999873508231
0.999997335963
0.999999999999
0.996272622102
0.999999967548
0.998847024371
1.0
0.999975495202
1.0
0.974989931521
0.998508124974
0.999941716579
0.999999928707
0.000514624602458
0.999991073365
0.97919183988
0.999999999288
0.998889362271
0.999995072214
0.389294812747
0.00133202267683
0.466336291717
0.999985843799
0.999999985547
0.99990472926
0.868358301193
0.977314271415
0.000748475131818
0.0695036884766
0.986402285896
0.99999991324
0.999698093232
0.63256219126
0.983203372145
0.911009020028
0.955262354276
0.041338178748
0.995351239587
0.0882381214499
0.999999999952
0.975894130181
0.999999999997
0.988817493364
0.99995561795
0.998989015759
0.969374935953
0.999999998047
0.940354500392
1.0
0.999999982803
0.999517267909
0.999536496221
0.999999999964
0.000256733822493
0.999999598094
0.99999993349
0.999991894866
0.896064997563
0.999998768344
0.999698593159
0.99995804646
0.993279666465
0.985331930395
0.999999638669
0.00119404785502
0.0281510793004
1.03185165022e-05
0.00235576896238
0.999412005383
0.999969362923
0.428620892128
0.00209085208282
0.0272411266963
0.999713530615
0.999998221917
0.937446717386
0.00402521353976
0.561700946265
0.734481755076
0.314032049713
0.677801504427
0.99999999919
0.999999872062
0.852437107639
9.11005536795e-06
0.999999998658
0.943741413173
0.7470913392
0.353295064169
0.999999975703
0.997915409188
0.995773076334
0.999999999913
0.999999999778
0.989015740457
0.999657328056
0.19681238682
0.787025482471
1.0
0.970773572174
0.99843278937
0.999994728705
0.999999996147
0.999974276131
0.859550255658
0.98684634319
0.865119912888
0.989620083829
0.831674776151
0.903928285361
0.999947514347
0.99419382058
0.980117546321
0.0807791047389
0.999999999616
1.0
0.517992660027
0.993537689539
0.062306577278
0.0030140320525
0.593522096919
7.54242318642e-05
0.99999793799
0.996419822533
0.594236646753
0.184434415397
2.87927198256e-07
0.999576184365
0.999901571916
0.912480084037
0.999999986826
0.999985894708
0.48615252551
0.989968317287
0.812048998118
0.539816914469
0.99998118948
0.392078356907
0.98543861683
0.999999998555
0.999999999998
0.525787428503
0.965575971628
0.989124541691
0.0185187317199
0.999807649319
0.00244945031248
0.998591153884
0.999999810802
0.935678664657
0.998786502411
0.999997567941
0.89311611708
0.973034215965
0.933162377905
0.0112400314262
0.960577189476
0.472647228498
0.99997149203
0.999999999822
0.973049035321
0.997658013584
0.999999993598
0.200920354329
0.999916163853
0.999305607982
0.104600687815
1.0
0.999999946249
0.000651890667635
0.999987532043
0.994929674741
0.62825538845
0.999974551811
0.996692127225
0.641955656953
0.999900988981
0.996175528913
0.999169367665
0.998017408715
0.99999795087
0.996376243512
0.998086975935
0.997933211642
0.999999983254
0.453990019563
1.0
0.99884818792
1.0
0.994157612272
0.980473560019
0.999990591634
0.992363852141
0.999999614389
0.441396654785
0.657444104162
0.99621337966
0.995842416696
0.998095621342
0.99999290901
0.957383863435
1.0
0.191668470917
0.96714359101
0.999682550819
0.99999998059
0.999994949632
0.985695971882
0.995618713539
0.00542948879622
0.523817841653
0.997671023337
0.999999162425
0.860455013751
0.00432398945701
0.997688499087
0.998441786978
0.999748706659
0.999979181011
0.999998874338
0.95708082122
0.993651904356
0.999999599165
0.570524015021
0.999998479041
0.0332993524305
0.754256130937
0.999999281491
0.990288994308
0.999998526767
1.0
0.99992203578
0.332268771484
0.998854645047
0.999999602318
0.710081352708
0.98780020362
0.996201547129
0.997910884768
0.980342006337
0.275090843433
0.999999913468
0.902913153338
0.917948235399
0.999999999998
0.967496598593
0.999993323249
0.999999988549
0.999970392793
0.915639303559
0.939452932692
0.952860668916
0.99994013379
0.985717932266
0.999999509298
0.998341071805
0.999999986325
1.0
0.0652649776934
0.999999838947
0.624431707926
0.999999996759
0.776532055154
0.999891533674
0.876391934373
1.0
0.268925342585
0.999994867338
0.998915011464
0.999085707057
0.999569028649
0.999806131412
0.999999938463
0.605994197771
0.998622547948
0.999999458215
0.963252178755
0.99862029793
0.0307480254002
0.987907371694
0.999999992978
0.999889656541
0.994185331951
1.0
0.45479235604
0.132989685829
0.955564944456
0.99999999994
0.999997202658
0.827224502921
0.999999999774
0.999992540929
0.768100184532
0.999992157459
0.999951767281
1.0
0.948448317791
0.999637659446
0.997802209704
0.99994708362
0.981205623674
0.995650029053
0.419473520141
0.999970366236
0.998858248159
0.380995709534
0.999996136289
0.903127174528
0.999940130509
0.997294312899
0.999855333133
0.995392563172
0.999677751581
0.930673426643
0.695466129294
0.999999999998
0.55757467438
0.938290461032
0.753932081471
0.999999990385
0.00892878298354
0.000196745255897
0.954242362751
1.0
0.997688167824
0.996321336481
0.999863073367
0.921326669508
0.999970042758
0.563079217733
0.97537508811
0.999986367891
0.927371499211
0.999970941798
1.0
0.999999999999
0.998681734463
0.991906933981
0.199937079439
0.999999770609
0.999371797091
0.999999351369
0.644080122321
0.911028204787
0.0428313048884
0.991109491708
0.0124993346602
0.999999984318
0.934286353185
0.98819620133
0.863066225717
0.0150382833339
0.984598791078
0.999927592301
0.999999999997
0.939263017447
0.99999999735
0.998104460715
0.999999661435
0.983516262731
0.999999999978
0.0149429099218
0.807725015722
0.913429294016
0.999999999678
0.999809889682
0.99563287561
0.999999987887
0.755254047342
0.000234344724316
0.00385531750711
0.997478944238
0.999999938122
0.0491577232602
0.022635632344
0.609388211656
0.2499763953
0.405533320616
0.999881140212
0.999999999927
0.191657251432
1.0
0.999992276835
0.295561674115
0.999361225424
0.976776492379
0.99986526465
0.868268081268
0.999243965897
0.998826554883
0.00116375295972
0.999999999831
0.999999777219
0.833734799603
0.942486796591
0.986176048328
0.714961951074
0.999978247014
0.999709018997
0.999986746618
0.999096207264
0.288713102886
0.998036800994
0.990799632259
0.99628632629
0.929805024042
0.999999974582
0.996035651936
0.677303179271
0.00169052237397
0.792160946787
0.99775546542
0.944196677528
0.999999999498
0.999639777905
0.934602284177
0.99868830098
0.999969782255
0.999942662896
0.999999928993
0.999995510521
0.999999939252
0.0735922144023
0.967668294078
1.37455714818e-07
0.999999915588
0.599021826192
0.999999999997
0.314791220869
0.0911782590513
0.99999998487
0.873742915797
0.957816249492
0.962621394707
0.999999469824
0.84173695908
0.963312362502
0.999736205414
0.195385755599
0.999999017609
0.999999963722
0.315480270394
0.983324596229
0.737298433917
0.992162080465
0.999999179942
1.0
0.000648652937293
0.304027899906
0.999999912056
0.99979182214
0.372750586586
0.000147627722686
0.0597810047203
0.993194417144
0.994853723184
0.999999951767
1.0
0.0468889565355
0.981268917599
0.983310372646
0.999999767674
0.00737086289995
1.0
0.985685341737
0.738011957981
1.0
0.999874245782
0.999999989741
0.999999999947
0.99831503978
0.979964214757
0.999999697446
0.146735255608
0.999998641316
0.999997254182
0.998564829995
0.999883857439
0.0050230987349
0.226138947078
0.944614491298
0.416951286528
0.999940436134
0.753730283075
0.00076669488986
0.999992678837
0.999999999978
0.750506727106
0.999981894535
0.999935608879
0.999997081507
0.610557149184
0.999777619768
0.992793152626
0.120585319481
0.999724335924
1.0
0.999736669614
0.99089814323
0.999914004861
0.851713535703
1.0
0.991089105122
0.99999999847
1.0
0.998591656975
0.999937051765
0.999999999995
0.966682584547
0.988425499069
0.240962989786
0.999999999997
0.821462518361
0.976401992755
0.999704616151
0.791188974093
0.997498382409
0.999999335894
0.997762952889
0.99999556806
0.972201527189
0.104260884845
0.99977748642
0.999364024826
0.527461041868
0.589512442563
0.999772912393
0.60347024332
0.999991021277
0.172611604822
0.0730633867965
0.999909462396
0.999999999817
0.974088826705
0.999922776116
0.773020568221
0.993704747067
0.941496191244
0.99527939616
0.999436636108
0.999999842925
0.999999930339
0.0263763394114
0.999987842795
0.582073694998
0.672848963494
0.998968651637
0.064399512327
0.998763161464
0.999992051378
1.0
0.999998300859
0.998548791899
0.99999979053
0.990023969816
0.99825745339
0.999999999463
0.999470575465
1.0
0.183579576755
0.977263571461
0.999325416781
0.641850126325
0.907516580601
0.836440568174
0.999999844484
0.185876033258
0.99700846425
0.996486247783
0.999989235507
0.962003321043
0.588166768752
0.35823315797
0.981109151541
0.541924812338
0.920807250293
0.999999999161
0.996853903346
0.993471459621
0.99999991529
0.112169400697
0.999999587528
0.964375864502
0.999330752585
0.831858841624
0.999884514855
0.999999999933
0.99080455289
0.232988676766
0.00280143636934
0.975192550015
0.999999971155
0.637826487237
0.970053486864
0.112736150683
0.0554433623051
0.999907254086
0.935287589911
0.999987864332
0.999988631367
0.999999997821
0.870235506755
0.999998344793
0.968856021209
0.739153106094
0.96234541539
0.999999999999
0.999975540025
0.999638344283
0.977850316262
0.99984862082
0.999893448883
0.995868678975
0.999999682767
0.958254478368
0.00705846190914
2.07896016014e-11
0.516712061665
0.999999433456
0.805851251939
0.997247017651
0.937247194466
0.999999998755
0.792925622042
0.999976179213
0.998520443936
0.999999984551
0.998068778359
0.99999999997
0.0889759541175
0.805718932414
0.945060129489
0.999999619716
0.999841812275
0.999998878345
0.999870642687
0.999989440689
0.99999996703
0.999999836512
0.978257658798
0.999991916047
0.0099830801737
0.999696363738
0.999998552369
0.99999764943
0.999997893464
0.999752623943
0.817274117589
0.999908182538
0.992531896973
0.977369708778
0.99963654102
0.592932642113
0.932545002756
0.984540415145
0.999750469162
0.986178405292
0.999999929534
0.00227045816916
0.999999999988
0.0449926928019
0.967053823173
0.999925855359
0.999998393321
1.0
0.999998471243
0.932697991467
0.995630831922
0.999833283477
0.999361507528
0.999999992907
0.999900825897
0.492755490544
0.999999999912
0.894211847719
0.999698222488
0.999999991284
0.999991719379
0.999917179136
0.999941704114
0.999997315128
0.102179153678
0.257474130026
0.962867736057
8.10316900231e-05
0.943472837966
0.905901692331
0.999350229185
0.777138201715
0.999765907293
0.999998484276
0.999994979875
0.999947997152
0.242386501995
0.999986290234
0.972074265386
0.777576455078
0.947860437287
0.999560092744
0.999999996098
0.688073139429
0.991667570709
0.99888635209
0.215757404855
0.999999993958
0.999999985557
0.999895282186
0.999999733994
0.22304626964
0.482686331729
0.99528576802
0.52067766145
0.999358099982
0.999369149744
0.999999665314
0.89413140601
0.998494099728
0.884086797436
0.999825602187
0.127836205959
0.999999998354
0.999999361549
0.976907632166
0.999999964209
0.999989871521
0.674152814148
0.993709092436
0.880304826675
0.999999851193
0.994279179053
0.000273074754074
0.972305478597
1.0
0.96560544113
0.996258686889
0.999996246902
0.00336742773331
0.941825777228
0.983982565375
0.999057192543
0.990705230042
0.978229776379
0.999999998978
0.996567899418
0.9999861047
0.00253588374582
0.747993207115
0.999999871655
0.99986759185
0.998965951207
0.999139171476
0.998395553637
0.162014452555
0.999284514187
0.997547776932
0.99999990496
0.706261985225
0.0113727034018
1.0
0.983678768064
0.991443466372
0.999999999996
0.999427595756
0.0123486278091
0.440311518822
0.506594335758
0.0157888347012
0.991809933863
0.975081593526
0.998313515379
0.00823970858442
0.999989810803
0.998561160665
0.999695762018
0.999999998917
0.995937634776
0.999797567926
0.999999739742
0.999719986735
0.998495721072
0.999998117648
0.999998899844
0.999999998578
0.020033621851
0.999081735081
0.99999133722
0.996536956306
0.970475827027
0.999956059526
0.123019308386
0.997565686605
0.999521535535
0.999688646871
0.00065345114545
0.120487053006
0.999994227359
0.616252835527
0.992791022032
0.999790534121
0.968431794552
0.999494402746
0.000266566059629
0.999128914974
0.94199056648
0.999999999924
0.736490290392
0.00344564616859
0.000122968190468
0.999996529899
0.999999991033
0.995130269096
0.700118671656
0.0058978927623
0.999257537851
0.999999999532
0.999080746395
0.999999999444
0.887645409963
0.923557942933
0.802896197625
0.831823581388
0.991269742599
0.999999996434
0.99999999997
0.890957112817
0.0086992682446
0.999367993748
1.0
0.999999999988
0.999999220059
0.99999999995
0.999999868437
0.00250744283005
0.999137771403
0.999999222398
0.999999999998
0.999999999697
0.996514671159
0.345556756067
0.998449734394
0.559677230895
0.999826628671
0.988552137259
0.00805560582135
0.0150206037428
0.999011622024
0.999999981743
0.99599297351
0.999928640681
0.999999991179
0.998207866219
0.597214922122
0.999733470243
0.999889385023
0.889384854515
0.997156703412
0.938751965949
0.326179730016
0.999891766444
0.999036469895
0.889919113631
0.98277683806
1.0
0.999989271364
0.962436885803
0.912004672458
0.999765326532
1.0
0.955716185313
0.999999127726
0.999946746336
0.996943922781
0.999999997491
0.000894288937837
0.999999953715
0.999949490767
0.974524853553
0.999999844084
0.999760260167
0.999865916281
0.957965665959
0.429506696837
0.992441590111
0.156665026805
0.994130837952
0.989612168137
0.999974387626
0.343381277497
0.592945966436
0.998960612647
0.0417969086455
0.999936558934
0.923606529264
0.999422440832
0.929694192723
0.99997248596
1.0
0.999924420392
0.816529509064
0.735496190264
0.598441538996
0.798142609642
0.00272563677305
0.999132525827
0.999999927726
0.516672975462
0.557241274185
0.999999988903
0.956768326845
0.999940988677
0.999434788877
0.685773102804
0.74199504559
0.922133306112
0.977491627172
0.999766494961
0.373826996845
0.999963811173
0.999997936947
0.980240916088
0.699425394966
0.999999951946
0.97998059966
0.99997677241
0.999998675687
0.922058657508
0.997908672151
0.173462505434
0.99999998033
0.683994958984
0.741351353148
0.946105409053
0.999278551641
0.999999918401
0.999999999993
1.0
0.744372320383
0.947655408904
0.999999967679
0.999777940152
0.531751188777
0.999932971273
0.984024166135
0.999999997778
0.299955358595
0.904953071124
0.597302593198
0.996592424394
0.996319556255
0.999928664665
0.116676416418
0.938740589808
0.999946327409
0.910030233541
0.00317730252818
0.0470983852736
0.603955633079
0.963521603421
0.99622103812
0.994549181699
0.999767768606
0.992759296958
0.999972680474
0.999999998121
0.999855854759
0.999554622857
0.999999999971
0.644200217201
0.999994615654
0.999795769787
0.718413776067
0.999861917821
0.999512345852
0.999969648088
0.887502464843
0.947820294488
0.999999908904
0.00386447108199
0.999996408922
0.238002637947
1.5741596415e-05
0.923000584303
0.999999999326
0.962134751775
0.999456518319
0.000964451870789
0.0743823165921
0.99992930612
0.999971867004
0.999999999875
0.999999969123
0.999072701906
0.999999999991
0.906464465239
0.999999999966
0.894476929331
0.946113861614
0.979432678511
0.999999999994
0.999866969658
0.999999828639
0.931980914145
0.854451517937
0.996717985965
0.000216605991218
1.25805757894e-05
1.03871682855e-05
0.755783907927
0.0300675285017
5.84534611454e-06
0.996047507559
0.000353929804926
6.57881635443e-08
0.0778940643214
0.157925749993
0.000813636713497
1.56907003038e-07
0.0044275493885
0.000188081159029
3.71633585738e-05
0.00030267144625
0.921185383717
0.828277483268
0.0889445384231
0.00220292608177
3.09705447611e-10
0.000232337597112
0.229815396288
0.126198452574
0.000304027616705
0.999472303236
0.999761539922
0.999965910378
0.000308196837416
0.00584290939479
3.01053009205e-08
2.34638899819e-12
3.78321227402e-08
0.129418523399
2.97621088393e-08
0.485429480129
0.576770217757
2.74131000239e-05
0.00677023175763
4.13360395428e-10
2.26301879576e-07
0.00975452831449
0.990832377652
7.3129758086e-05
4.56515529922e-15
0.929924131603
0.0266554499894
6.41121616754e-06
0.0208372899948
1.28186272223e-12
1.93795023283e-05
0.000232664598471
1.27427437155e-11
6.99972126845e-05
0.833167910696
0.000501139643297
0.093890902922
7.92762495014e-09
0.00110960123367
0.999987814971
6.85188848425e-10
0.00500427269235
1.56051100153e-10
0.00217399214268
3.73939356139e-09
7.26316273332e-06
1.19436795254e-05
0.00870444005524
4.10800788481e-06
0.000268341210325
0.184921678079
0.303578662501
0.972609581365
3.32710204411e-12
0.00436352833716
0.0302418670698
0.000232831141316
2.13205969194e-06
0.0466899460241
1.10149078497e-06
0.0231747623143
0.000774191791927
0.569483484499
0.999999780203
1.6150577769e-10
2.90733540555e-08
0.000431386332818
0.985589958378
0.0010263991451
0.998844315009
0.000145929452334
0.0910622146179
9.35746011604e-06
1.80526665231e-05
0.00256457631735
2.7542512569e-07
0.0294447221305
0.975528456795
5.47057597242e-06
6.09470763166e-05
0.158010693592
0.00665785213438
7.62485154627e-08
0.000925303249337
0.999996326242
0.994973724493
4.80982772334e-08
3.18023173219e-05
0.967500438464
0.494131159286
0.903675503525
1.48735562661e-07
0.0289466132069
0.00751591784017
0.00117100270569
0.00405764851594
0.00057340468133
1.19469766876e-05
5.58921609138e-06
0.00142469536379
0.000182730425156
0.00777180642297
0.000429799055043
3.25060018807e-08
0.00489669342778
0.00995515832975
0.999780289001
2.54298108712e-07
0.780986952677
0.000107774853293
0.000216251320704
0.263126095035
0.976851552705
0.00139799097035
3.10415193932e-06
0.520412621615
0.0716973830562
0.0050393508794
0.0870497242499
0.0404988233163
0.0325619730991
0.349952884645
1.39030918748e-11
7.88238404352e-08
0.877276882414
3.67114938737e-13
0.0835035829417
0.0687554384649
0.00811693725854
1.2938386152e-05
2.01892954193e-13
2.43840785247e-07
2.21115991302e-07
2.26384642533e-12
4.01976444546e-05
0.202874113929
0.000806367360186
0.123818341075
3.60650360858e-07
0.16512252713
0.000757548250073
0.0104067443852
0.013237696631
0.404684773314
0.0033491305095
7.60442157567e-05
0.228187141419
4.1579768313e-10
7.2739819342e-15
0.274721101867
0.248016875891
4.70392647191e-06
0.999991934506
0.00241239476723
0.999815876544
0.00402718185615
3.47136013917e-05
1.34105299119e-07
0.220443499348
0.688339148778
0.0204348013907
0.63420514079
0.999995537613
3.18623721171e-05
2.99480726385e-11
0.972966279797
1.47670586318e-06
0.335756572172
0.000148722929365
0.0851111177612
0.00384125763947
0.0747948535404
5.42079669787e-05
0.799480093248
4.04981719763e-14
0.0190191874199
0.147389429431
3.74069699208e-06
0.00570594267032
2.40371295768e-07
0.0376912725128
0.010001724702
0.00541694832735
1.73102920456e-05
4.19620665797e-09
0.00130001995999
0.00248419251813
2.90717787443e-05
9.26735208593e-06
0.0218811216892
0.00241239476723
1.63727068323e-06
0.000289823829525
0.325383375086
0.034240256824
4.42970814584e-06
0.685579889083
1.70358749455e-06
0.0660686052516
0.0968216145265
0.00726630315052
0.0051278740367
3.23622226955e-05
0.45871082981
2.92053963391e-07
3.29859634867e-06
0.00434071576179
0.000704808893783
0.070365759754
0.216971861089
3.90824518138e-08
0.00771321345503
1.75299597809e-05
0.000892491862738
0.72818845477
0.0121605057291
8.66004454479e-09
0.00278614376227
0.000704633605213
0.0428803872068
0.000397807709568
0.130358725917
2.10827826217e-05
0.0103872948198
0.000706986998576
0.000264079507428
1.48966429849e-05
0.918355202243
5.32146556943e-05
0.431661588658
1.18116255405e-05
0.826236769026
0.145110708944
9.26735208593e-06
0.338874586577
0.00227390112636
0.00088274377728
5.33272352912e-06
0.0464354702501
0.852046790136
0.00016702674746
0.0198313437199
3.24869254026e-08
2.72550587369e-05
0.0760502871546
0.11375332483
0.00478223471769
0.000181121189917
6.36005949506e-07
1.15867748917e-05
5.40699340829e-05
0.00019330308408
3.28467219398e-06
0.999999077971
7.72698290557e-08
0.00103679634447
3.06582842344e-16
3.47010784738e-06
2.9949439019e-05
0.000243142151795
0.000703842315092
0.0226076411327
9.65752281819e-08
4.21709920076e-07
0.999969047136
7.52149564972e-06
3.83201870748e-06
0.000224927085352
0.999950499623
0.998192596849
0.463095286078
5.69004336822e-05
2.84126158146e-05
2.62017375127e-10
1.17644588681e-06
0.890482048803
7.0122512268e-13
2.95883719907e-07
0.323008187098
0.406533050906
1.973275198e-06
0.00197770195751
0.00210248898147
7.84454011236e-05
0.003509368636
0.00433748058936
0.000462929523086
0.00740517747745
3.19186876425e-05
0.000176117350429
1.00749090618e-05
1.91184551891e-09
0.998920613326
3.27302580281e-06
4.30085141495e-05
0.0507105242349
0.999989824899
0.904645699726
0.000423471627205
0.884964066945
5.21124782927e-07
0.0222865775947
3.26243460523e-07
0.975890086814
0.0827188134777
0.999768687876
0.000443431862164
0.000150082126694
0.0468419346263
0.00131277924946
8.15123079408e-07
0.0296993672858
0.0436534267223
0.994831553679
2.28763210505e-06
0.0202130800048
0.00314817570147
0.000105484804
0.000172651660004
0.0357766657855
0.000450172732591
0.0253958827469
0.000510147268329
1.14983987306e-06
0.00033586045354
1.59542907075e-07
0.287541274324
6.50101128278e-05
7.46563686502e-06
0.000391178163868
2.03129030738e-07
6.04267038715e-11
0.195392306333
0.00351096373549
0.0211076274938
0.00179841938189
0.000641419663401
0.0568891264563
2.8075970431e-07
0.878637357027
0.000957954900533
0.0168834856047
0.00323036101248
0.000195614495016
0.02296463219
0.0218390475785
1.01463852934e-05
0.000356633252645
0.341347472979
9.0129410611e-05
2.50902093161e-05
0.00527551154597
0.000820417930727
0.00126146152157
0.999996660155
0.0339980872417
0.219640457716
1.40246671873e-06
2.3630462537e-10
0.000476381725064
0.00109625898445
0.0916647868394
0.00678577836375
8.82695035106e-05
0.000389918863052
5.50251714504e-06
3.0630811056e-05
3.14843117599e-05
0.383307234488
0.944797449104
0.112740428229
0.999999788642
0.811563053716
5.98676836062e-08
6.2386634231e-08
0.00197085987204
0.0382068617133
7.94127814505e-10
1.0762583806e-07
0.999508709666
0.0290641472615
5.40218992711e-10
5.20045162077e-09
0.000196519726454
0.000210581948782
1.50125177419e-07
0.00563085465862
0.000514832398059
3.63782409825e-08
6.72055902306e-15
0.00111136089729
0.00498278268936
1.05611027219e-05
0.158552015888
2.95447628573e-09
0.994638819386
0.000355255995695
0.0377867546847
1.87250676632e-05
0.0030246021422
6.20002749741e-05
0.00274496604216
1.48327125939e-08
3.0755574858e-05
0.999999967938
1.31009075196e-10
0.988599342146
0.281067632934
0.000108589750182
0.330602861016
0.0324973976792
0.415452653542
0.968926864674
3.31048602119e-09
6.39356156117e-05
9.54845357977e-07
0.0268550662032
4.52905920425e-05
0.0266984778817
3.72266641764e-05
6.55287282279e-05
0.119173251308
0.00264165057038
0.0415606591288
3.33716167299e-07
0.0332115383247
1.68297357015e-05
0.999945189294
7.41067631556e-07
0.00159658340839
0.0673097333128
0.00483434534243
0.00110076254172
0.000764268918865
0.92583551175
0.00180803964525
0.321832207967
0.00409739507641
0.0488818522144
5.42447110041e-07
0.0800113859349
0.113002059126
0.998758833434
0.545296186763
0.00365616221187
0.101838844577
0.102469057725
6.26398087982e-05
2.15606459424e-05
0.465812937702
0.0827375079715
1.11929819131e-05
0.00205491231847
0.0096659921153
0.00209518040528
2.92527101517e-26
1.69182272277e-09
0.242648549694
0.167335391606
0.0120034175727
0.000907916173881
0.000413360712586
3.07652454886e-05
0.96557961189
6.25284182381e-08
0.0796801126227
0.00155720427236
0.000510028458436
0.00953281894183
0.839179844637
0.481131165607
0.972659755086
0.979369837202
1.33912602774e-05
0.0030269411609
0.946154848338
0.000998545238634
0.0074298935716
5.33477396411e-10
0.0114948826105
3.28782783984e-05
0.914199950311
0.000572692687889
1.66368063511e-06
1.65799457476e-07
0.582474098033
7.00815825584e-09
0.999999999996
0.353794599229
0.000927458647984
0.00225747798206
5.54670267385e-05
4.67132849455e-05
7.27110626621e-06
0.000534694752533
0.242735131074
0.943417052145
0.000127634429728
9.03039966814e-11
0.00901898385403
0.96527980486
0.000106694053918
6.48045436324e-05
5.30297891434e-05
0.078157335989
5.10788345375e-08
0.659722568453
0.0143559734884
0.977511726463
0.996784308149
0.0635056387096
4.08175335241e-09
4.07720812766e-06
0.572113917037
5.42826495387e-07
6.61239890528e-07
0.00052817997917
0.00342494430812
3.31965157787e-07
0.317983215017
0.471429494294
3.0301312188e-07
0.999659003767
0.000309966007812
0.000542744799185
0.997573279664
0.725495725957
4.68138448566e-12
1.49689010817e-07
0.326658952164
0.975901074728
6.32462177549e-08
7.98449353569e-05
0.0300399140279
0.939775764525
0.542302591099
4.00869805614e-12
4.42253148799e-06
5.40283153052e-05
0.973505314787
3.58503238831e-07
0.999999999986
9.48191022215e-05
0.258768265504
0.00100414331683
0.0061873703101
1.95974748594e-05
1.13626606223e-05
0.0248477511164
0.00160015660031
0.00691384465618
6.8605033638e-05
6.37062453894e-11
2.67934229235e-05
2.00490683759e-07
4.43252134249e-07
1.12122727219e-16
0.999571222753
0.00272813359224
0.999998934018
1.23391175115e-06
0.854556811145
0.00364602832939
0.900560697653
1.9772359728e-05
0.70097022072
0.0082055334546
7.72709984814e-05
5.33312232555e-06
1.16511652317e-06
9.18470440848e-08
1.08327561657e-10
0.298480268818
4.61221901499e-05
0.341307912212
0.732166957159
0.996353863749
4.29416940435e-09
0.00730652182006
0.216235596524
0.508353341638
0.0816038778256
2.83970652e-11
2.31644987073e-06
6.0713110729e-05
0.00153302266544
3.54484108072e-12
0.00145275098892
1.00895725426e-09
0.999953311697
0.00665365190201
0.000888437358559
2.02673241774e-06
0.000175777496882
0.956108059266
0.999999220493
0.764439111847
0.0752919046517
2.48902998554e-10
0.103736782371
0.264265516673
0.999230944579
0.00863654549924
0.999829753571
0.110915735931
0.993004735393
1.3051816333e-06
1.15459473781e-05
0.900140921551
0.00293858886108
0.85797384647
0.999248511299
0.000165002643556
0.812049427263
0.00010547415903
9.13067672953e-05
1.38749900018e-07
0.00391396933068
1.76964712686e-05
0.381012371734
8.87921119414e-05
0.86096994864
0.0350123302005
1.63560212262e-05
0.000746637004297
0.984161824839
4.37057331573e-23
1.23675991794e-08
0.000278149671608
0.0134439200047
0.999991772979
0.145772444586
0.999987998978
0.000139218288834
0.00837361575566
3.24709426913e-05
0.00037055578927
0.00853216985739
0.00497526591393
0.14527531449
3.21912178234e-06
0.973342386241
0.961738963699
9.82533822901e-08
9.63200009934e-13
2.02654291157e-09
0.998095743624
0.0476077999822
2.23122497485e-11
0.999996845661
0.000177763720461
4.32675712111e-07
0.952494162395
0.00915502188371
0.000621758887591
6.67617169757e-09
0.168858623633
1.66636943556e-10
0.394352737457
2.40146537957e-08
1.24368034729e-07
0.00449239488989
0.00361229379409
0.000520503719279
0.0014276552678
0.00470456115749
0.821560313557
0.999605945669
4.66943661214e-07
0.0737491993391
0.345171393518
5.16924755375e-05
0.117431068081
0.00591589929916
0.0191099647918
0.470257961
7.60131798388e-05
5.2826432742e-05
0.245654659538
0.0706100714445
0.0841467605814
1.3488556476e-06
1.24056645555e-05
0.00145980288712
0.104653134506
0.0630008405671
0.00196517678983
2.07252434072e-05
0.0195459065086
0.776286702866
0.455566789294
0.825327766662
8.61224736189e-07
0.443772829801
2.45595974329e-10
0.998755769983
0.0632689138318
5.30585205463e-05
0.00419438014174
0.185220282003
0.995314989867
9.10647992217e-06
0.00071109094995
2.8559451235e-08
0.532192564403
6.45983293405e-05
0.0102842023338
0.999999992626
1.30995133008e-05
7.13510784442e-21
0.00109635940308
0.00604355545278
0.20081625868
0.879659688118
0.00627497027419
0.0075136055368
3.90027043004e-05
3.38285413715e-05
0.999999548381
0.00515486080971
0.961477416648
5.3911023151e-05
7.83172562686e-06
0.434008432165
1.63994024564e-06
0.000318835530788
0.0102876810992
1.29268346648e-09
0.0103895656812
0.000837464375325
2.06662872692e-08
0.00033587692571
0.385528319203
0.0216329851854
0.0730114165907
9.70180131167e-05
0.000394515811004
0.000184392885169
0.00395272004596
0.00301306701584
0.00370205133609
0.000437052031727
0.000212092581579
2.18009421501e-05
6.2696959767e-05
0.0133221614547
0.000412730797786
1.17578064536e-05
0.000300446282595
0.0136196573784
0.000199210255849
7.22520053665e-06
0.000307813679081
7.91961299555e-06
0.00334500407623
3.59922940603e-05
0.630506145095
3.02876106946e-05
0.717317445078
0.981725393632
0.171722227009
6.01615313804e-05
0.0676652892032
2.5991671327e-10
0.999982474413
0.932919096525
0.999999996335
6.33697555743e-06
8.85200382816e-10
0.00221304237271
1.31991564113e-08
6.57754846563e-07
0.655871119699
6.70472438783e-05
0.99999608069
0.00284886851626
5.26557371214e-06
0.0716706740601
0.805606307744
0.675277987986
4.76228523171e-07
0.135439135606
0.000205467010833
2.15090344131e-05
0.0163002814217
4.9718504925e-06
0.519155313924
0.000370636093899
0.000382291390669
1.05557789403e-06
0.0467651031181
0.0449245040775
0.00208555205859
1.03975013588e-05
0.00100142443586
0.204282168312
3.62299920095e-05
0.0129038847863
3.44815641278e-05
0.000373013377112
0.00522096426899
0.000604647371996
0.848815456898
0.031775517129
0.000415633847823
0.0960413014484
0.176683037263
0.00462851104255
0.00159867293448
0.00982430617043
0.266628793164
0.806091118724
0.356652240112
0.000260390859441
0.142061523
0.798345357512
0.0111294159716
7.41713756846e-05
0.00175374331347
1.62645023976e-06
0.994379227035
0.0189887119374
0.00512762371824
0.00669283181856
0.0293283540889
2.22568333435e-11
0.000124256108063
0.00130193327543
0.567999244513
1.50320875452e-06
0.254200208539
0.000412423993972
0.0401517486198
0.000755715959954
0.000733624474765
0.000860864415643
0.000740172022716
0.181928470236
2.12932367703e-06
0.543528002079
0.148620287217
0.0106315626936
0.454250062408
1.82226778935e-06
0.00166291233955
0.000172567825563
0.34115822325
0.0027006459229
0.900023430381
0.269853964203
2.35264825997e-05
0.0113081670178
0.00972169242005
0.00854285022249
0.300201245659
0.0404599202956
0.0340350803546
9.36120235398e-06
0.732889994753
0.968628502938
0.000933494575629
0.0153445282539
4.14653915781e-10
0.988606695429
0.000125676717359
0.00165097916142
5.57734499666e-06
0.980953575543
2.24950163404e-08
0.000357643116679
0.996033073382
1.79332594105e-09
0.901236243635
0.0161932634436
0.000611729388966
0.0192637924548
2.07063895364e-05
1.10498739612e-05
0.00632327302224
1.56316936176e-07
0.00269332973266
0.00802805297032
7.90306769029e-07
0.0419314790618
5.13040090093e-05
0.000203727382051
0.000266051037021
0.0010620909368
0.00650361153024
0.000997501860377
0.0286002565832
0.668875215003
0.0394255491853
0.000549982165297
0.234303063492
0.00375846651737
9.37610342731e-05
0.998052604869
0.0261041027381
0.00376331953884
0.99029465477
0.999926068794
1.99805652965e-10
0.637141669012
0.497498584743
6.94098388766e-05
1.85949204246e-05
0.999998283311
2.11099394487e-09
0.000136573913495
7.02804685567e-06
2.52249612917e-05
0.0284059765263
0.994426715879
0.450793735566
3.83193648735e-05
0.895871738161
0.999368970349
1.88777180107e-08
0.0308751554194
0.398407498885
5.51407103317e-05
0.0142205354544
8.55158676691e-09
2.17802201613e-06
0.999998284092
0.0607905475137
8.18761453358e-05
0.0216333293095
4.48191312423e-06
0.0155234228828
0.000474724835496
2.05533388382e-05
0.00467187423238
0.0970814085474
4.27743510118e-09
0.999929045531
0.131536029209
0.108630703301
0.999955397897
0.0046399892477
0.999907941966
1.433124289e-08
1.15644014442e-11
6.67668716232e-05
0.992216602613
0.979787610494
0.547583580097
0.0359089408095
1.38034441631e-11
0.00341883184801
9.14186703222e-09
2.50775606101e-07
7.87753114023e-07
0.0597850602091
0.999999442853
0.00220179532441
0.0425742554338
0.0965813401632
1.81709105511e-11
0.0170537656447
6.17672421179e-07
0.638276655466
0.117943134862
0.00367894338526
0.00557123056632
0.0753833454692
4.44080742009e-05
0.000439300270745
1.94104304194e-05
0.59152467573
0.000680950144298
0.0346381739602
0.000331064999836
1.61328778233e-06
0.00347712920514
2.23530716609e-07
0.0416445123916
0.864360926177
0.00690554670528
0.146309795291
0.00023909665371
0.0383003355847
6.78286804494e-06
0.918487913891
0.389017989566
0.156391741174
3.34451268401e-05
0.993654143017
0.00129099564076
3.66102004082e-05
6.2749627364e-12
0.0263285466882
0.0940144245038
1.55036030327e-08
0.99998831723
5.76397703491e-06
0.999999875468
1.42945200366e-07
0.000148192492924
0.0047525391824
1.20297553217e-05
0.185437770138
7.13779532283e-06
0.881751050411
0.0739994599012
6.60056631741e-07
0.171167564738
0.237561709018
0.998782259167
0.0701111472981
1.54409071154e-05
2.38385242404e-08
0.000790560035274
0.945659648739
4.42139703836e-07
0.0141524183407
0.00686784384298
0.0468680534316
1.1972750049e-05
0.00362226536173
7.65551421107e-07
0.994469536662
0.38471504816
0.000369422544713
7.03374658335e-06
0.00650118741542
0.00539308671056
0.663572164943
7.64447172687e-05
7.74234293525e-07
2.94662487489e-05
0.00348634313636
2.01383262288e-06
0.975738399959
6.36418276852e-07
0.999406735917
0.977013635302
0.98240129918
0.06409350111
0.00532534049621
4.63845371149e-07
0.000719336438542
1.93617431126e-06
0.999999687524
8.76945571632e-05
0.0638709563298
6.25424893686e-06
0.999999815052
2.57899321485e-07
0.000251082662484
0.00402323793378
7.7392044138e-12
0.920513299021
0.000356633252645
0.000170742200833
0.0540382311866
2.46082640649e-13
0.577659064592
0.011019642708
0.977403546361
0.00231876318431
0.988667856181
0.196793682868
3.59900539445e-05
7.2858055215e-07
0.0222841442797
6.40802013036e-05
0.0009502920228
0.999999247165
0.000226470789338
4.6468347589e-09
0.000307269579837
0.187445892375
0.985392209508
0.118698965395
0.000227637214534
0.999999994921
0.146849603958
0.000712884826589
0.0135901296828
0.000303527946985
0.0620268483807
0.00545315946118
0.00950926033392
0.0542829285933
4.25985131242e-13
0.0251188815469
4.25217341612e-08
5.06266034994e-07
2.31053035344e-06
0.000170741911792
0.00395641862751
0.000348711476373
0.99620935021
0.968163281451
0.000900011510827
0.00060747173041
2.88081554965e-06
0.0316248271265
0.00491639627566
5.18248290621e-05
0.00252646074814
0.225567513314
0.00191753424369
0.000211030491833
0.00111722191098
1.27940749039e-06
4.84157878578e-06
0.000840968845623
8.54804116195e-05
2.80207989942e-05
0.000197200673206
0.00220709828462
9.24386436384e-05
0.0285184690815
0.999519523461
0.00910264480585
0.651940095084
1.6222474654e-07
3.08727292615e-07
7.92123805861e-10
8.79058186261e-07
0.00024959280306
0.115092057985
2.5402039917e-05
0.150065915958
4.71811629324e-05
0.472966500481
0.999721285664
0.282854882469
6.91737788809e-07
2.78161169771e-05
1.34456395985e-07
0.999999905049
0.411973178037
9.2213162346e-05
0.00414448098272
0.0895995111235
5.80635510996e-09
0.885371000764
0.0280836161348
1.90135664983e-08
0.0195029886434
0.157386608723
0.989816816006
3.87155672822e-06
0.00175601545849
0.00161809690719
0.847356786145
0.00215788417951
0.270172295441
0.00256744898977
0.028157741043
0.149295397663
4.25417177948e-07
0.999976672944
0.0909095251775
0.0041726232548
8.1964330401e-09
0.000156093681076
0.0570525162795
4.0700506769e-07
0.000214342131888
0.000210884220538
2.2421769355e-05
4.26573553957e-05
0.99896549278
0.991577969463
1.38895374212e-06
1.8054237356e-07
3.07419594165e-05
0.000188556828249
0.915041405283
0.904481811816
0.0507027699692
0.0972857703309
0.0816829516165
0.999811656667
0.0358499880863
9.80338438513e-05
2.83702001176e-08
0.367715558028
0.000265780474637
0.001562309025
0.98866865848
0.999022458575
0.00401310004887
0.00482788519871
0.00998780793331
4.43849747894e-11
0.999990622906
1.09263142682e-07
0.0154407270826
0.0110263227077
0.00140116398204
0.0641599033949
0.999067357315
2.38311047969e-05
0.99618578189
0.0134012282507
1.41425117117e-06
3.71195914516e-08
0.447885171185
2.0602158142e-05
7.51757099766e-08
0.00924060635944
7.04322127367e-06
0.306381847935
1.70729664128e-05
0.000149136323789
2.12527817608e-14
4.08052791707e-09
0.173159879229
0.0267811871074
3.1814912254e-09
0.999535209069
4.48839365981e-07
0.225374444123
0.00428813358047
0.99999585626
1.16649586577e-07
0.654984641186
4.31128996501e-08
0.998741539805
9.83182106004e-06
8.72935056778e-07
1.47830070792e-07
1.03489354832e-06
0.00599119860058
1.84736905212e-05
4.85093752048e-05
9.48625687598e-09
0.918019960416
0.188591906612
0.0578670203487
0.0202687783697
0.000108435082448
0.975763633971
0.000578055738726
0.001246660456
8.20556174961e-10
0.00689214977606
0.0950095789573
0.991438741859
0.120747001713
1.04068110303e-05
1.48339635593e-05
3.15982718954e-07
0.00495838373177
0.987534865573
0.00438127425011
7.20495608109e-06
7.97458624492e-12
1.95900170218e-06
1.02557889175e-08
0.00123444320491
3.25788687527e-05
8.24001761134e-08
0.028739236972
0.00295417879223
0.00121980507733
0.000102117729443
1.44349003876e-06
5.32678959187e-07
0.76869362539
0.952270843859
0.0176434982763
0.000231580019821
6.43573531438e-06
0.978725909775
5.05856444293e-06
0.98348131728
0.94069888302
1.66695028158e-09
6.79446646554e-14
0.032084092829
7.18689623887e-06
4.12557824346e-05
0.00181527914211
2.63408959884e-11
0.999345553121
3.7087244846e-06
0.211619858696
9.76386907698e-07
3.75944272306e-06
6.43075816323e-06
0.0306398070388
0.996756027085
0.0259425983157
0.000225378784279
0.000437061412983
0.00308327141947
0.00514580533067
0.00716454175345
5.89906330067e-07
0.393574360308
0.018314857983
2.48653195691e-08
0.0100576305587
3.86592662923e-08
0.549441497581
0.0156022922177
5.24069129801e-08
0.998635694029
1.39674304364e-07
0.110940700196
0.000565758886608
0.999971299816
1.24454033453e-06
0.978424771855
0.838624783464
0.000354843400908
2.78882488466e-06
0.00210626125255
9.53045033454e-06
0.0001902012205
0.000672056259206
0.010535000921
0.0358296868344
0.00392597743659
7.57237226439e-10
0.00494557421746
0.000398340548452
0.000330685823087
0.00102543089873
0.974525144897
0.999777938148
1.96890598312e-07
6.80505005028e-11
0.000221155257516
0.0790300231504
0.998345614948
0.0194057473369
5.37254005279e-06
0.0144699664337
0.000525335933954
1.55847014721e-10
2.18752785572e-12
0.00185915786474
0.0045729293642
0.0625536870107
9.21418962329e-10
0.0145309430232
4.83365600965e-06
0.984827229114
0.00201831988519
0.000637013476882
0.389608964701
0.00142135271747
0.00173101947602
3.89478036562e-15
2.36674587917e-08
3.87428765946e-06
8.85665628114e-09
0.0470661729402
0.000581510284265
0.0183708881203
0.000569043395971
1.49288643903e-08
2.01127757647e-05
0.0950747549179
0.999491874341
0.0892090183254
0.00287750033194
0.0228907926299
0.00720477941748
0.0950636911744
8.01219633716e-05
2.09831466409e-07
0.000780243218449
1.70951848244e-07
0.309982580379
0.000795737698275
0.00624359982341
3.07319621022e-05
0.210286022196
1.35659034438e-06
1.02978958512e-05
0.999310072601
0.000257741844821
1.66886117974e-08
0.0300239440039
3.61403397623e-06
2.54268071663e-05
0.000405309578768
0.99081903833
2.92607208242e-07
5.56417244101e-06
1.26901581725e-11
0.00517804899498
0.00171329368666
0.0240511956634
0.0881572345603
0.000464854715659
0.0598025624839
5.38445370516e-08
1.79293632908e-07
3.62829885359e-08
0.0116024778487
4.92660715722e-07
0.988644730205
0.00894908373491
3.27302580281e-06
0.00037015729645
0.00118454424102
0.156193456662
0.0962094401771
0.0039284394376
0.950723621299
0.000440474180905
0.99923077865
0.171722227009
0.00198355199211
3.76857516239e-07
0.97430680024
7.19501605515e-10
0.00772955161318
8.75203490436e-07
0.000855183687386
0.000296342078487
0.000140305172914
0.00260907901221
1.10858945309e-06
0.000304203957308
3.04947511479e-05
0.00510999131884
0.012678916331
0.0201443043819
6.23860409708e-09
0.0223329775057
0.999052481664
8.22065363161e-09
0.941694552646
0.0208658710693
6.37916949445e-05
0.0683736093738
2.20626466425e-05
0.186941711727
0.853860806832
4.68865955713e-14
0.0024161043691
0.156423472037
0.0299032788528
0.0175103579435
1.63634741381e-05
0.99967365358
5.47052806423e-06
0.19882888466
0.00101622558651
0.243809375255
0.0134949927211
2.69709731749e-06
0.000135916983774
0.954472081191
8.74148116917e-10
0.519233515927
6.48867138629e-05
5.27600651793e-08
4.41528898793e-05
1.69830938799e-06
0.796700813095
1.69047664641e-05
0.0265751081611
0.75559989001
0.0012797867665
0.157739450708
0.823866746775
1.63127573449e-05
9.47639599044e-11
0.000438989625664
0.979580882754
0.000204324421071
0.994616977976
8.79954783986e-07
0.999996593747
0.0276826704629
0.999986032078
0.999983335075
0.000107146639875
1.44058106087e-09
0.183951986873
3.30058962481e-05
0.0216107479507
0.0352868435013
0.956024632818
0.155900245233
0.0247435102637
4.28576363338e-06
0.0161196168833
0.0242810601025
0.0205403175456
9.02116756427e-07
5.49136903835e-06
0.929643837809
0.244231297608
0.34513065184
0.201021400482
0.99892641732
0.753989371745
0.997571743491
0.00120112696559
1.88279673957e-05
0.199572865495
0.0256751781784
0.0419870424159
0.568853223038
0.0201174917111
6.57479986468e-07
0.00423285961092
0.225377225809
0.999999943719
0.00110780057763
8.88575130235e-12
0.999672628053
4.20235143453e-06
3.84218979173e-07
6.43969145917e-11
0.0327285370329
2.69972408023e-06
5.83513296977e-05
7.44606402261e-08
2.00988949103e-09
0.999945831585
0.998906251897
1.30850459192e-06
4.58291600914e-06
3.37568146956e-08
0.231200408862
0.000283494022156
0.00480432338446
0.000743777546547
1.71924769737e-05
6.3600145009e-07
0.625642957048
0.00130083425767
0.157474812845
0.811314701159
0.471446700983
2.42737632646e-06
0.00153015783695
0.986016896319
0.999377953018
0.497020463927
0.0137816386599
0.00226146815177
4.41564365815e-05
0.0384546815129
1.65443142114e-05
0.131106160277
8.13629050552e-05
0.000931229125087
1.4781356347e-10
3.661788545e-09
0.0258706957179
8.45909613719e-08
0.623182631191
0.0194503183265
0.012921994516
0.0004574625297
0.000202560076635
0.714432955693
1.03078393333e-09
0.00157151885064
0.418305338406
0.280004676401
4.39194894301e-05
0.000235197688616
0.845966241107
0.00019261608677
1.09885394953e-13
1.2955434798e-05
0.000698977105309
2.3117262431e-08
0.000275467707114
0.0056778966387
0.939384163616
0.000177358595389
1.79165924207e-05
0.000145735054103
0.00624403339251
0.0015669805741
0.0018607118827
0.00172404744678
0.00949482278802
0.999998270189
3.06975737137e-08
2.41912617584e-05
0.00118300170019
8.31210824804e-05
0.00805184830192
0.00228016391581
0.23847046984
0.281742871545
0.0869898020394
0.000445955295033
0.915485023972
1.58992036678e-08
1.22895904758e-05
7.71869833294e-05
0.0246277105362
1.02767212921e-07
0.984500570342
0.0461839783817
6.03351612171e-09
1.92362645219e-05
0.000189915083675
0.582838849862
2.16287504745e-05
6.81534190549e-08
0.999981749475
0.426141470997
7.00505213666e-10
0.000805213284556
0.379423660784
0.000222276466483
0.192480410727
0.00222708293175
0.999996554349
7.87781680143e-06
0.0362479544174
1.33121714287e-09
0.137297673298
1.38410138873e-06
9.80858427393e-10
0.000788705317339
3.68962314005e-10
1.87887631492e-10
4.603609374e-05
0.00413852429462
0.936859412766
0.543684872242
3.93856982075e-06
8.87929334359e-09
0.123643865408
1.14428755722e-06
7.15663814854e-06
0.274550414216
6.20097679423e-05
0.00575126770064
0.000876978321353
4.87465813696e-06
0.990433579277
0.000187758606925
0.562394401255
1.89959648926e-20
6.79928253336e-05
1.80691065106e-05
4.78298386794e-06
0.000476798763526
0.00054670261943
5.48917383107e-07
0.00290301106414
0.00198781928654
1.83423707316e-07
1.0004462509e-07
0.000314758239843
0.516138607869
0.396352051802
0.000291119461078
0.0290251106459
1.38800924805e-07
0.00291814268806
0.0413369825827
1.57969249775e-08
1.23676813255e-09
1.16325268964e-06
0.0460050738909
0.000137852418994
0.0586371647474
0.00489252939064
5.72557887819e-13
6.90158380522e-07
0.0204917943148
7.22361757829e-08
0.283576465992
0.152877348897
0.110986300326
0.924803410387
0.0057804471103
0.821342547594
0.0029792286201
0.00664803702961
3.80281909365e-05
0.293768430382
0.026476357056
2.61877473866e-05
0.999996910399
4.59290981617e-07
0.0381944365406
4.73492661913e-07
0.00911959875729
1.23391175115e-06
0.499227428725
0.818870607663
0.996552470539
0.000484381749109
1.1475036369e-05
4.97359869598e-05
0.00601376456777
1.53732619637e-06
0.154857180047
0.130196369148
0.000453914551369
0.00565072270448
3.76505731165e-10
0.000195498053771
6.04446122047e-07
1.99028592266e-07
0.32666574782
0.000420874272558
3.20767314355e-09
0.623176878659
0.0502441107186
0.000189161121408
4.88086462937e-06
2.9070281609e-07
0.00136932076458
0.000224977488886
1.10690550294e-07
2.25567299815e-07
0.431672541147
0.00452474728061
0.000209410094297
0.0772616513158
0.00041429282526
0.587720203678
0.463197550701
0.0631348773262
0.297023915274
4.82058663987e-05
2.59052119898e-06
0.116435552839
0.998536973685
0.000985347444729
0.694150999613
0.408833897197
0.294053494676
0.0457505296098
3.94053794284e-05
0.00179272258269
0.453235454992
0.897479953883
0.941891718871
0.983634284788
0.904446072714
0.999025199365
2.45376214224e-07
0.99967459493
7.23519817039e-07
0.00583002949739
5.36135950964e-06
0.0296539060388
0.0225397459534
0.0114204002052
0.982439369456
0.500195998269
0.00461101204466
2.91927083165e-08
0.00020416468749
2.96970497955e-06
0.000883677892029
0.871950297502
7.99669286874e-06
1.76263431337e-05
0.663018484504
9.71252644341e-07
0.999575850519
0.00311972773984
5.45626942088e-13
0.33487259067
0.900394547357
0.881565685595
0.236517151955
0.162201420768
0.0104875446844
0.554475844155
2.97638408403e-05
7.19451641533e-05
4.72851569178e-07
0.988332876788
0.928707874866
0.957787064715
0.000949088639168
0.0123772419125
0.492730122054
6.32402706462e-09
0.280916371558
7.07979518194e-05
0.0389411657634
2.73272015878e-06
8.68750422247e-11
2.07890834564e-07
0.000567447615175
0.991057714226
5.01070296308e-09
0.0219069457443
7.91435817477e-05
0.00748443657281
0.949936739348
0.99126171381
0.999999619385
0.388694417447
0.890657358163
0.00301306701584
0.643229565158
6.14740181241e-06
0.0311887681856
3.13540050511e-05
1.24879392265e-09
0.0102621073447
0.0294013151203
0.373591825354
0.72859040573
3.50106433338e-05
0.00642237505407
0.00414674230585
0.30478882827
1.22565564662e-05
1.0740294966e-06
0.000523580166547
1.29471514994e-10
8.54939190387e-13
0.714140211452
0.99579496002
0.00572425727947
3.58015959747e-08
0.00173005647448
8.93025118013e-09
0.0156320280454
0.43216585362
0.307491399442
2.14096625883e-05
5.21946989151e-07
0.964793494722
0.0406977178302
0.0521335971465
0.0414997598856
1.15644014442e-11
2.22822658092e-05
0.608019813548
4.40230279679e-05
0.000334364690792
0.000124624333391
3.99635066558e-07
0.0776884218599
0.867924335473
0.0409289699393
4.66083863974e-11
0.994768477422
0.928265538167
0.500346058671
0.0165215539127
8.01578355105e-11
7.75928660187e-06
0.0143868716731
6.29883670021e-05
1.36280327237e-05
0.00167422578635
0.227788050672
1.49889782942e-07
0.0864044860877
0.967528350198
0.057929365747
0.986501690437
0.0132334297355
0.761230153723
0.000269416580726
0.0194089964944
0.981071128924
2.69291235713e-05
0.993376132731
0.00113173225875
0.0629253553521
8.67209057089e-05
0.757220262442
2.0686248135e-11
2.11562767979e-05
1.31566798072e-06
4.03914366558e-06
4.01364580538e-10
0.0185988459251
0.999902118683
0.196183728781
0.422482138752
0.0493270420927
2.00158797729e-06
0.0108782357687
0.00277750234197
3.15879303449e-05
2.17800218869e-23
0.999999607156
0.00821165904281
0.988695109966
0.904385674441
0.0613748441096
0.0167109169168
9.57053627911e-05
0.862458698599
0.000121105691157
0.0526664861024
3.87957187792e-08
0.00161208813809
2.09222863769e-08
0.0245674821038
0.185152646957
3.0013382117e-06
0.993256755
0.757946744123
4.2914633967e-06
4.81601534286e-11
0.749176379918
0.000680825217075
4.97531024398e-07
0.0504851942552
0.00139799097035
0.40259168497
0.00813462397292
0.949437105267
0.0043853005799
0.595696528734
7.02032757745e-08
0.0263582708839
0.0138003211214
0.997842866856
0.0280652676957
0.992000795696
0.0295059692247
0.99970903253
9.53103750232e-06
0.827055350272
0.63484716686
0.18274522975
0.00400294415601
2.95602355994e-05
0.994807099633
0.12148176774
0.229234738394
8.34997474675e-05
0.242022014527
0.308326744706
0.000138690102731
0.0820969706222
0.000214700571604
0.000337001870608
0.0120422542622
0.535025998167
5.56525274684e-05
0.97930968766
6.77613824804e-06
4.17080092294e-10
0.950168023029
0.977971034462
0.00932269843899
6.48209369798e-05
2.47694126937e-11
3.55188034815e-05
0.00106994211062
0.00272605471127
2.72130619027e-11
0.00277215190947
0.00115919408367
0.235717948125
0.0425229600595
0.215058299485
0.860523264979
0.00112959340415
7.86219248566e-12
0.0212980914877
2.43889994655e-05
0.42370236491
2.12284022773e-05
0.000112499065175
0.0708181770863
0.920424334935
0.999937751682
1.42114316529e-08
0.944014521066
0.0135161803814
7.47414973056e-07
9.38313429898e-11
1.91805543829e-07
0.00588220408611
3.55420670996e-13
0.0207668046567
0.907369932601
0.00798247192274
0.305349955454
0.844969051567
0.00013836418696
0.00812089540307
0.0702325226993
0.974699085705
0.0428499012667
0.000439192662921
0.704707564348
0.928355193085
0.999744369467
0.000371755046468
5.8585315665e-05
0.152229146161
1.03167205965e-10
0.577472804626
1.48207892785e-06
7.43910551147e-05
0.123874856166
2.80641378898e-07
0.000220212148389
2.73210196789e-09
0.878271745114
7.06719872606e-05
0.0632820371518
0.563935411423
2.46456194545e-07
1.97842051831e-10
0.00378915992417
0.392771114112
0.949903545876
0.00566056514574
0.0281054548583
0.999999998877
0.00116702367134
5.52571758688e-06
0.00023981846348
0.00970234732087
0.999967371287
0.793873784832
0.00018557992194
2.07784128851e-12
0.00130479869681
0.000102423290178
7.26618884996e-06
0.00629150673457
1.50077710731e-05
0.00537927205476
2.52636462594e-07
0.000387482689468
9.91860823708e-06
0.214338167568
7.82801952275e-05
0.000152856788931
0.0135143323023
3.72781830816e-11
4.57163662299e-10
5.57096848885e-06
1.15884374526e-05
5.26827375072e-08
4.99698344786e-05
0.00178790618567
0.309528518076
0.874212196902
1.72155861578e-07
0.000784044469747
0.703207813658
0.20736690059
0.134889304753
0.982162434537
0.0367479753556
3.40368491811e-05
0.992000795696
0.000709302519503
5.20627533567e-21
0.99987359804
0.543015941078
0.886334777787
2.78356674639e-08
7.41305046909e-07
0.023718578825
1.21014116955e-08
2.93140070149e-14
0.0286968728977
0.990829952492
0.0796801126227
2.57814735578e-06
0.999583115109
2.14126945367e-08
0.0452394835006
0.00652146787713
0.000203647622195
0.0102898869872
0.000426899284254
1.24651187032e-08
0.097689721951
0.812345977973
0.0163687375481
8.23714961634e-05
1.20788721039e-05
2.24342796945e-07
0.0132565481371
0.00443350684303
0.990955446011
0.00330621059134
4.65843117837e-10
0.000611578229799
1.81063256793e-07
6.22434930722e-08
0.00741541766208
0.19872349955
5.01212050643e-10
0.999998939326
1.95697017737e-06
0.83502053548
0.0223706752066
0.000110118093213
1.77021355817e-11
0.807657624591
3.08756240797e-05
0.000930132130066
0.000112339035882
0.0124066978723
0.165294015353
1.88604973012e-05
0.99994586674
1.77048968501e-09
1.73037128545e-05
7.01467163845e-06
1.60737661581e-06
0.000342544494504
0.00182892330565
3.69977575455e-10
0.285719531875
1.77154644196e-05
7.92290862588e-13
0.182748024035
0.00305056842696
0.00149818901594
0.00064777744587
0.0509121343417
0.892443473874
0.125038865883
0.404753482944
0.000181710459399
1.44699398224e-08
1.02763933674e-05
0.977744940438
0.996670202967
4.8180194898e-06
0.122024253065
0.490790050067
0.185453528745
0.0424659415966
0.222776794059
0.174007898676
3.40687208053e-07
0.999998150681
0.000330234718385
0.0152792833588
0.00074160278422
0.00454689530272
1.54320216431e-08
3.4350229455e-07
0.00110757250884
0.0367966270839
0.033400648214
1.51990209863e-07
0.000202473429587
4.46645387172e-06
1.36815926173e-05
0.936556025607
0.00291395326582
2.99320237274e-05
0.912308272708
0.00066126795353
0.647055551593
0.00676797338955
0.01528824906
0.0512599912965
7.11213593843e-05
0.0150949837409
0.000154167908179
0.996149403018
1.60709751288e-08
0.000131024800507
0.922878564478
0.000815505098821
1.49688958279e-05
0.0356515552378
1.93175298755e-08
5.09278054867e-08
1.17305844404e-05
0.000213428489101
0.0229499187056
0.000665679955198
5.93567214431e-11
0.00105147012136
0.00291938292782
0.00448531863593
0.00165099181512
1.3210874175e-05
9.58699312685e-08
0.000128790257552
0.00121313685979
0.606724515195
0.546896056535
0.30530585769
0.0053556510945
0.00112304662755
6.53890414909e-08
0.0116740801373
0.999999998699
7.62248713539e-06
0.951547148949
3.06617224663e-12
0.981046831316
6.808586519e-06
8.99161420869e-06
0.208690089682
7.16496304619e-06
4.32499819341e-05
0.0488758718119
0.489903904385
0.0122403764947
7.14085846709e-07
0.0034306085114
0.00457719133147
6.32416733001e-17
1.17331714298e-07
0.000731102164394
7.49379648222e-05
0.0969245255909
3.68179484897e-11
0.00324582831407
0.000828499087107
0.0137315474359
9.49372686541e-08
0.110139550749
0.115039205467
3.33760301961e-06
1.07155645754e-07
0.000646735311842
0.117203931317
1.09767086524e-06
0.00209401236324
0.00090336655121
2.18240103752e-08
0.999976997182
0.00155366694925
6.64961807151e-14
3.1814912254e-09
1.52881623114e-05
0.039435422817
5.24472438858e-07
0.000162986489448
0.0572769828256
5.48776313849e-08
0.996126463925
0.0950716356456
0.000157617180974
0.00582621915452
0.000962917700921
1.12572452349e-10
0.999999591238
0.0119171762316
0.99999999999
0.0265272319067
0.438731895901
0.00392911832342
0.149067441414
1.49977172933e-06
9.70467677281e-05
1.96003581858e-14
0.280891533323
1.63260374655e-05
0.970572143444
0.751566668168
0.0113358874158
0.970927829864
0.0110098398462
0.0177787124459
0.000622331822369
0.267331351238
2.38802500371e-06
7.86155756084e-08
4.37236752526e-06
0.914138152355
5.27232939634e-05
0.0529877150133
0.000278800859263
0.00108534197032
2.59340737368e-05
0.00139681206734
0.000456457562083
3.4243040328e-07
0.347606110177
0.999999827722
0.0268034098272
0.00805969082188
6.64627298576e-05
0.0177663561647
3.41729248201e-05
1.58440592435e-05
5.21186518165e-05
0.00357385562293
6.93450518094e-16
0.0174858195587
0.903540220797
6.89895363477e-08
0.162964946457
3.38286142813e-05
0.999622676563
2.24566597592e-11
0.00260343637774
0.000235352390232
0.244718679758
0.0297314861006
0.0156490568078
0.00467184228695
5.96605825508e-08
4.05033410236e-24
2.39781545681e-05
0.00027786740418
3.89519459624e-05
0.0186636544975
0.994489687241
0.016971070329
0.678179851692
0.000599414066058
0.117810511217
0.274853221613
0.00131404845796
0.418050062894
8.91055120332e-06
0.999991738113
3.14203562882e-07
8.50818380728e-05
0.00317317210936
0.740912182952
0.385484098181
0.00603428316812
1.34295413096e-11
0.0169497582507
1.12097793189e-08
0.0440236681803
0.000552548833603
0.999999981018
0.951651767807
0.164592581263
0.99997299816
0.00182149386903
1.43300458786e-10
0.0639584496512
0.000214407487655
3.02743480603e-05
1.93764020141e-07
0.00226318573305
5.1713214911e-05
6.2494258908e-07
0.0296555371683
1.05506571629e-20
0.06428224943
4.39210107754e-05
0.0039222495474
0.126666088484
0.192124509803
3.40825757248e-07
3.04715408377e-07
0.374077216106
7.47384424855e-13
1.74182072689e-06
0.00482363057657
0.963415500368
0.000297992054909
3.64322741006e-12
0.991405247551
0.997372412177
0.00025799300674
0.99996101513
0.000365600233115
1.0480496199e-05
0.0032202961275
0.305608162517
0.00761098005725
0.784965037895
0.00051401476133
0.00232484041519
7.68189939827e-08
0.999999732072
0.00649751810123
5.13124397611e-06
0.00049270141228
2.33126134209e-05
0.00199455080587
2.84444490169e-05
0.00817251714489
4.38870155613e-05
0.0916230006117
0.911285357304
0.684804772045
3.03647854403e-06
0.787936471891
0.0133186466397
1.05092168768e-05
0.408769299013
0.0143660748981
6.02185522213e-06
2.240058411e-08
0.00123868240041
0.619620371145
0.0260167082101
0.0243200948374
0.0291974653136
0.000593936398357
1.37911966134e-06
0.482187666936
8.46678568129e-06
3.150460454e-05
7.16660104249e-09
0.00205038669249
6.75358148253e-05
2.57003685817e-08
0.000886043986759
0.000836209586441
4.05717690562e-06
0.000114609947216
0.000923420595453
1.00280609354e-05
0.00146791478146
5.21234154411e-05
0.000418230429965
0.0675632532833
5.90808686691e-06
0.148174487778
0.313061553227
0.671882626424
0.00621308141986
0.052932633768
0.00182186669949
0.894799480977
0.0807771455377
0.99998596954
0.00011164286016
0.91475275824
3.73885630399e-10
5.35125186913e-05
0.0280922135898
0.369503632878
0.00394938033453
1.22368939052e-05
0.419358331376
3.46924984937e-05
0.07248124316
0.206636256954
0.00823685833524
0.116786559944
1.08646331546e-07
3.95431095214e-06
0.999999866622
0.00433664029623
0.999990912254
0.00199124482488
2.51412519528e-10
7.43090010409e-05
0.446813480803
5.25428903183e-06
6.57689197262e-08
0.238760688226
0.207659186865
0.0221437615523
0.0202764923027
0.325264547939
0.999778035589
0.00594538220246
5.0520206778e-07
0.379741882056
0.0228465149354
0.188823652884
2.63897482693e-05
0.319480794808
1.37557561504e-05
0.0316882370889
0.286044460472
0.00103139096321
0.0183542537781
0.0197559080653
0.0162226512368
0.000453646880441
0.00678088970149
0.891294442364
8.56601080786e-10
0.0321576893057
1.35204771411e-06
5.83005978659e-05
1.44568264856e-08
0.814154548569
0.00145030916651
0.999999997122
0.137726933133
7.75308383839e-06
0.0119957514725
3.02456368811e-10
0.0221110609382
2.84468766414e-05
0.000271884066145
0.00113206348526
0.999999999098
0.98888493277
2.17651538574e-07
0.0726214408795
0.0243875365514
0.99987292765
0.650881307722
0.961447236959
3.55362074215e-05
0.00260661256778
9.86479143102e-06
1.67413539562e-06
0.000979584776684
0.0291212874614
6.68574951551e-06
2.08352128367e-10
3.07894251459e-13
0.574729317782
1.78166794602e-07
0.987053765827
0.0341982775304
0.0142518500453
0.999999999995
8.94089866906e-06
7.02621003595e-05
0.00104722231189
0.762286540656
0.981941594713
9.21359389649e-05
0.313544989425
1.00659456147e-05
0.012029910141
8.6297639673e-05
0.0066082352498
1.035583369e-06
0.0167268170102
0.950877889819
0.000465612910149
0.998486890426
0.99997907184
0.0319759934548
0.0294118110039
0.000258646990362
0.220632471749
0.000268308033748
0.000299974399024
0.898426653106
0.963374784141
0.00153704349545
0.000169319241507
0.0197547945494
0.000587521568174
0.990723069576
1.95007564891e-09
0.999636858144
0.77375432318
2.72391522076e-08
0.00356191333038
0.00056574937624
0.00277088652014
0.000335914872962
0.0033083843165
0.00227733740042
0.000418627671656
0.000385883401386
3.59905694856e-08
0.410650138163
1.48597449435e-06
0.109220302666
0.00145636660182
0.00520586998969
0.00103042096694
0.000503145161233
0.00247442517205
5.72852837531e-06
0.9999891991
0.000105615836251
6.61603122419e-05
2.66180795476e-07
0.0779274617752
2.25755161773e-05
2.28613396526e-05
7.10392498266e-08
1.07739449007e-06
0.99987151244
0.502037971381
0.00142836685586
0.0011853270863
0.000105308825887
0.990919453666
5.33892470773e-07
0.828752320755
0.0114152512073
4.27035966726e-06
0.924257909914
3.54874024067e-06
4.40906516203e-05
0.999999817238
0.0542256564529
2.62807313879e-05
8.90961012252e-05
2.57721381268e-16
0.000130969334691
0.00104145238702
0.00517082815962
0.158286658395
0.000643862676945
0.0138362551928
8.03083150618e-10
0.0196813419501
5.56462849472e-06
0.998843482767
0.113149986148
0.044777622958
0.00532908765263
0.00733185236298
0.000310283232101
9.09196296148e-05
0.015952979143
6.29196803131e-05
1.17777938297e-06
1.06795168882e-05
0.0268736244807
0.00835870500905
0.999897963179
0.00115555828722
8.75139599663e-05
1.17385407001e-07
0.999954771989
0.0179653147317
0.999998688348
0.997511165731
0.980855688222
0.0161652435852
0.000186024877286
0.690551458566
9.02166406034e-08
2.6737414025e-12
2.95869446218e-05
0.000113347547889
0.80255553759
7.13064754625e-14
0.0162206395653
0.00183816995
0.0022067509054
0.00274909359996
1.28944004759e-05
6.51287054116e-08
0.0703299905899
0.0141254879432
0.0369977081604
0.013665835714
0.164218063984
0.781707631044
0.136031858833
0.9885961902
4.82587538757e-09
0.0335506793327
4.15672383537e-06
0.00747524492296
0.00272286565109
6.32906281467e-05
2.90542725173e-06
0.00708041511429
0.00117837677594
0.345683970533
0.0621502939271
0.0048526589332
1.92795833882e-06
0.846950595101
0.860852471308
0.0700923078193
0.999377224606
0.00312468038522
0.435420463748
0.000503077928788
0.675826961052
0.00425117417875
8.66869289275e-06
0.982172547072
0.292805947624
0.963514388204
0.301974787451
0.00347885035117
0.161243116787
5.11928507513e-05
4.41564365815e-05
0.829669280278
2.42004950626e-06
6.56067099746e-20
0.000719549246967
8.41718081492e-05
6.46256272538e-08
0.995787256947
0.00182833429932
2.29706283035e-07
8.77781400229e-05
0.00432642670089
0.298040156664
4.54421909454e-05
0.0646463814534
0.0612214095212
1.90275903967e-05
6.49223013321e-06
1.1434930093e-06
2.01277388741e-07
3.42493380601e-06
0.939091444827
0.0097748489589
0.000741368162912
0.999382293603
0.0038234906135
0.00479538431187
2.91529999279e-24
0.0117024195803
0.00247282351784
3.24443427623e-05
5.59776450408e-06
1.44628771869e-06
1.28836511754e-05
0.00411798619462
2.6515876542e-06
0.999830019127
0.000188486178316
0.407063910442
0.00174070466886
0.00355449078444
0.708676843208
2.25009510567e-08
0.980036862844
8.23548726405e-05
0.0136507260849
0.99220762994
0.000136391036343
3.93776679395e-06
0.0470227522177
1.25022339714e-05
0.99959050329
0.00193097345577
0.000166194753384
9.48103302191e-05
0.0320029415279
0.133232308162
0.000575502805476
0.550299024746
3.42731451139e-05
0.0137240747283
0.000659772971036
1.61800066783e-08
0.623245089207
0.00100744410204
0.00246685672592
8.82260072006e-14
0.777288362232
0.000357115731423
0.904506180503
2.23767725318e-07
0.000565212968724
0.0364098792901
0.983678411305
6.60846932293e-11
7.6137820555e-09
0.252316816809
0.00244526072301
0.0157100888343
9.30924283465e-06
0.0298195086603
0.994657068036
5.24993691156e-06
0.000835043698826
4.68834990644e-05
0.00950445799682
0.000123880916608
0.0869731991182
0.00254614732251
0.794233898046
0.00981221623072
9.66162032174e-05
0.0034747486999
8.5290986016e-05
2.20940135593e-05
9.77817285883e-06
0.00806934901341
0.577106951544
0.995876453089
2.84382444585e-09
0.0321053842591
0.894459303628
2.30834744624e-08
0.000776889889193
1.04271601949e-06
0.00738115573314
1.69381657329e-07
0.999970431834
0.00468447242654
1.9709223549e-08
1.36794475208e-18
0.999023139532
0.0177415135588
0.00111276845422
0.0036634211429
1.47113849649e-06
0.116262647977
0.0141092887031
0.00112286202508
2.59236384086e-07
2.05363103851e-05
0.456581294662
0.00326987225825
0.00655515932434
1.22158513201e-10
0.00185499467574
2.49852630261e-05
0.0775800253504
1.72639863708e-06
0.289719716378
0.173115039716
0.896465337487
0.0477006176642
0.565127829318
1.25346121456e-05
8.43857327778e-05
0.0277813217097
0.000331514265617
0.0147905982234
1.02832223207e-05
0.999984036309
0.000489978669701
0.0168105513283
0.0142825909533
0.0702343925841
0.00620234977028
0.0040956321876
3.7671534927e-07
0.941853549607
0.109085050656
0.00352142021601
4.87302518966e-05
3.60845125193e-12
1.55620999833e-06
5.6490771929e-06
0.000118624728879
7.24993771319e-08
9.16671292425e-05
0.0110060952456
1.98935275361e-05
2.27215822616e-06
2.29019817178e-08
1.467702232e-06
4.49060190858e-10
0.00753232088654
0.999501913147
0.995685943088
0.0311122751841
0.00081827099158
0.693668034981
0.219197752315
0.000247814278115
3.52766166994e-10
0.00197178064809
1.95820854869e-08
8.19827114411e-06
0.00114978906499
0.0124458297368
0.999999999991
1.80756248245e-17
0.311948685344
0.411953751348
0.015091097722
0.0887551946145
2.3481252015e-13
0.0361163309081
1.61424288263e-08
0.999990191515
0.000347227086359
2.23800100615e-10
0.755770689949
0.00290325761529
0.0432107699236
0.00820001595372
1.75955515822e-12
0.126301755728
0.000169764540597
3.34994220131e-06
0.918216898182
0.695640307833
0.000350995244604
0.000122191462492
0.00014933552917
0.000541702459901
0.992673151248
0.00173202675856
0.00140932164005
0.00391691031882
4.62892220736e-07
0.999842182378
1.07169652447e-05
0.0125498436438
1.4931559772e-06
0.00616484204172
0.325296922779
1.80400805457e-05
0.0014961252897
0.00132262415875
0.00430470006938
8.48104112409e-05
0.000337525001231
0.00271662247814
0.00454273137693
0.531034313189
0.0395967092399
5.33502645944e-10
0.999988045809
0.090985450301
0.000167220374574
7.71430990032e-07
5.65908589072e-09
2.11711069024e-07
0.00327766907076
0.010650029822
0.0154254433575
0.0645025986323
3.71483605692e-05
0.000840288685274
3.50829098109e-07
9.14433542871e-05
0.109018082315
0.000187597066643
0.174009570659
0.509867586603
2.59619871461e-11
0.996135117871
0.000320047350483
0.0398419734902
0.000759896383286
1.60829545716e-06
0.000741141332924
0.127374759197
0.110627299721
0.000391169440721
0.355338176244
3.02692080941e-11
9.82405057958e-06
1.22600255282e-06
3.11042316511e-06
0.000141790804053
1.20315691396e-05
4.77270999635e-13
0.948678554314
0.0153959252039
0.951197754661
0.11699255164
0.00106291561575
0.000272007860996
0.000201178214742
3.63251740367e-06
0.360775444355
0.0514602572991
0.999992099862
2.38730361287e-07
2.30749799885e-09
7.49682774839e-07
1.58806771977e-06
0.000376297041268
0.0011074968209
0.0536031935964
3.18408682588e-05
0.210141532739
5.57957115566e-05
6.19211108557e-08
0.0710249064352
0.00659937360457
8.08429643281e-06
0.000108394252057
1.10710077542e-05
0.000202183798016
2.253765302e-07
0.855485144698
0.000164851879361
1.68456445165e-07
0.836502474935
0.772361435437
0.00554847276942
2.42676963007e-06
0.504773851389
