0.999992464233
0.999999935028
0.993077448871
0.874486115806
0.00995642598128
0.791498522558
0.999401037955
1.11261806826e-05
0.999999994113
0.982345403484
0.999997929137
0.986581863022
0.999999519762
0.999797242801
0.965535686354
0.999999999078
0.898540843538
0.933872660595
0.997288747981
0.999940599766
0.996778082474
0.999080765455
0.0592056489607
0.999879327153
0.275694176333
0.986136148072
0.99999999634
0.999398976529
0.192322906854
0.968950826795
0.983220538694
0.965341981718
0.267168926415
0.999999999991
0.507259954426
0.99999999997
0.999998845481
0.918114294589
0.996998736174
0.987335398304
0.619591741959
0.386540482525
1.0
0.00177672928009
0.116546578232
0.292900299398
0.999999999985
0.990372033338
0.986847630095
0.976748729869
0.999999999983
0.756814443378
0.999942050777
0.123332958785
0.99996726836
0.917807529936
0.999999996599
0.999991419299
0.968530581637
0.11923211778
0.886400661466
0.999998756173
0.999999291649
0.911253681169
0.999997485939
0.488566160069
0.999573932194
0.999999013593
0.992209073932
0.999999999937
0.99992387198
0.999894109861
0.999900403549
0.885132300668
0.346964537499
0.216468657561
0.999994859695
0.998191222583
0.999999966803
0.341156255264
1.0
0.923508082901
0.999999990893
0.99146425622
0.999690901503
0.022602930161
0.999006116797
0.994209887632
0.917096324996
0.999874772004
0.0286286223366
0.999177808329
0.996779027191
1.0
0.999999985264
0.999992581652
0.00322665783651
0.999975059523
0.9947126314
0.0528834426935
0.991491883
0.999931508501
0.0575820297626
0.983165422927
0.999999927324
0.0801318195489
0.995547383228
0.999999999996
0.949931783088
0.998588393726
0.994386714065
0.999999999998
0.999999999893
0.999997979429
0.999965105658
0.999999308123
0.883248725424
0.980274027943
0.999999993156
0.999999999918
0.99892560479
0.987536833898
0.999950945501
0.998442243788
0.999472472603
0.999999938979
0.999999999729
0.81459099902
0.998346759555
0.0112812482826
0.87714056143
0.999999090976
0.999998384813
0.544776522259
0.970985282674
0.998757902223
0.999981745325
0.712581554477
0.884271054858
0.999999993778
0.026465332298
0.999998883819
0.99459239709
0.978983018575
0.998376025981
0.00296311556209
0.879091393398
0.82436701355
0.166168444488
0.815976658813
0.956895170408
0.994969819581
0.999999913716
0.931229169694
0.999999999875
0.978654899375
0.999999159645
0.997386437805
0.999991481716
0.974725359345
0.999999990936
0.999735712053
1.0
0.732876188008
0.864960172852
0.997699831569
0.999997588627
0.999999998805
0.999997572232
0.999999999975
1.0
0.974558992509
0.999999994635
0.999999963438
0.769526369162
0.241930790657
0.342287516999
0.999993138454
0.999999999637
0.91688812045
0.444749653989
0.999981536757
0.999999342856
0.690144791414
0.999998566482
0.446298761774
0.00523387857951
0.999999999997
0.589325567762
0.957020034156
0.793116080781
0.830212049491
0.923177723772
0.999999715549
0.0067843389729
0.99669681619
0.999999225791
0.980275897231
0.953216490878
0.999999999977
0.999738523145
0.999999647722
0.963818212921
0.980544448583
0.998652747971
1.0
0.993818052852
1.0
0.899926178392
0.99996131454
0.999262578345
0.982378386524
0.488802386496
0.999338489556
0.999996918639
0.999560300452
0.922724006548
0.983610528808
0.343481215746
0.00462367677462
0.992389443081
0.999999731002
0.000137735154958
0.99477300197
0.999999999907
0.999999958579
0.998778012713
0.999999999999
0.99993253087
0.633175696557
0.99846775057
0.999999999999
0.656151843328
0.815021970305
0.931976100844
0.797022719857
0.656548858377
0.998004909827
0.999558897981
0.999685667095
0.999995620901
0.999999914498
0.999999999987
0.999988625616
0.999280115537
0.999999978798
0.999999933598
0.999999999374
0.285993882229
0.99233172956
0.999999976616
0.553682209118
0.960525658925
0.968584652228
0.99999999989
0.969965989011
0.993900622526
0.999999515266
0.99982141656
0.247166388823
0.937704789381
0.245644053991
0.999974834283
0.987070887925
0.999999999981
0.999690728844
0.99999823392
0.999999718623
0.999951853779
0.976300992262
0.999958895805
0.00447544240648
0.438621412302
0.0908420383803
0.985326671004
0.820909014927
0.989712379073
0.999999769493
0.945561779556
0.999999916126
0.999988984017
0.890708532755
0.997431974838
0.999657679585
5.32256979868e-05
0.308432792262
0.991274083907
0.94864104295
0.986237780009
0.275527202392
0.999846634258
0.419753324276
0.981210347735
0.642216778905
0.924950990249
0.988711211892
0.0069040027217
1.0
0.999815994629
0.999895266688
0.999999990062
0.999425958805
0.999737950135
0.866843408279
0.999999999987
0.810474719988
0.999997543555
0.0236580357415
0.99999998084
0.975076774073
0.999930966477
0.00280016480398
0.999996613837
0.985408951262
0.999050742409
0.0735261315388
0.2201030608
0.999999892306
0.999999206066
0.999943982005
0.00524848159094
1.0
0.998271733158
0.745995125981
0.998014216124
0.999874936889
0.987547485174
0.247129381563
0.999996378095
0.894137291654
1.0
3.107241644e-05
0.0038903638014
0.932642488568
0.999988279246
0.493286619173
0.988755258985
0.128487892595
0.985496310845
0.999014054648
0.992461492582
0.973893912143
0.99404330109
0.999965226442
0.999998425357
0.228774947016
0.295182438569
0.999233297794
0.999998685586
0.999999999985
0.99999998575
0.999956584689
0.640844262974
0.993376874751
0.999996876166
0.574332075757
0.999997950496
0.0228896110126
0.999781589692
1.0
0.999999996424
0.716058461669
0.859378468908
0.999931287283
0.8706576038
0.455758146041
0.737943682631
0.999998980926
0.798114195427
0.999999999986
0.508933057323
0.922305020084
0.894534549258
0.946765908676
0.999210339525
0.976369525824
0.994506592061
0.999996313516
0.792240883
0.0959622267394
0.999999997231
0.974207528799
0.999964308203
0.510320634891
0.997187301161
0.999213085468
0.986898478016
0.981460891426
0.999999130828
0.174046658194
0.984133346226
1.0
0.999999872888
0.999998320479
0.99858966362
0.997824592947
4.27194110211e-08
0.999999999444
0.999996261666
0.999997065724
0.997670669561
0.999966589044
0.999966628583
0.704870116874
0.989687241378
0.999826173262
0.97407061743
0.995167378262
0.999999943935
0.313229780015
0.999917056697
0.999806137494
0.999999056844
0.999999999994
0.998396411741
1.0
0.999289965695
0.999999101624
0.441309530315
0.999997015092
0.999997909379
0.999987107229
0.00126929776774
0.999452570758
0.999999999963
0.999995215654
0.999852374021
0.989320648637
0.997411224923
0.999694632167
0.0448826987826
1.0
0.225308821029
0.880438904512
0.881339299614
0.999588483434
1.0
0.0637532170505
0.990789214408
0.999910996792
0.999999999928
0.157261993843
0.999999999958
0.999997566437
0.99999999971
0.996410655798
0.999991471769
0.54925307223
0.885097608576
0.214794279262
0.999999999999
0.696807462103
0.997932769004
0.999999981052
0.0983643108211
0.999999999868
0.997863404403
0.817767733234
0.694008055449
0.875074584695
0.999767305022
0.999969448632
0.994440752863
0.999998348768
0.997564703989
0.848216025823
0.167999724542
0.0171333712091
0.999487286847
0.999999999371
0.0833299484728
0.965431862175
0.99987019031
0.99925350654
0.999991348966
0.999999968622
0.999999256455
0.999407305161
0.999975744491
0.999334722673
0.999999612135
0.92130039178
0.401670846022
0.884385189323
0.835470227072
0.909179691886
0.999999589393
0.99997428432
0.999999795785
0.265127824016
0.00241219057939
0.999496076669
0.99988183833
0.987615365933
0.99999863025
0.999999999963
0.989086744596
0.999999999775
0.99967703789
0.944679115327
0.999999909289
0.889462232166
0.99999846361
0.6535047725
0.00335140152598
0.999999999562
0.999991271636
0.999999993674
0.999999726799
0.999970561051
0.999999999812
1.0
0.999999999963
0.999955522921
0.999999883634
0.999899249695
0.00160842486001
0.999565386266
0.999947499308
0.92730304591
0.991164147488
0.999999919645
0.999829061309
0.999942017629
0.998555211801
0.701161941902
0.294078040041
0.999810358063
0.992368014537
0.0781034211781
0.968624372977
0.971025533939
0.959093475823
0.999999771303
0.000856896519263
0.999972417151
0.963732970555
0.99985756511
0.999999579051
0.99769018734
0.105959013926
0.956531165205
0.942225055225
0.901632058746
0.872877285662
0.142033363538
4.48259049013e-06
0.974484030664
0.811109504831
0.96158135183
0.998936639252
0.00396168223106
0.999996769223
1.0
0.897693421819
0.999974824495
0.999999536251
0.999097181795
0.999999916421
0.323665629437
0.999996760268
0.960488827318
0.99994581372
0.387207182412
0.337187827447
0.873439468595
0.999978194953
0.999992166851
0.699518085
0.00290126213123
0.999999666865
0.982353868939
0.998122715855
0.00670191854421
0.999999895833
0.997865023081
0.999917142467
0.994309603564
1.0
1.0
0.986142390578
0.999994862848
0.464424577303
0.00370862040748
0.946709581969
0.02002512167
0.997370616433
0.994829155008
0.999981125213
1.28522816367e-06
0.981976826023
0.998839289058
0.996296461794
0.99999996882
0.996833487424
0.969443913689
0.999979919965
0.752188455593
0.999999995656
0.763650731893
0.99037715539
0.011658113017
0.999999999991
0.999999999831
0.985770009754
0.999996557198
0.918460388813
0.999809516291
0.999938821445
0.809171057351
0.980180503108
0.000107200666197
0.999999897586
0.999999858846
0.999996454491
0.420952426083
0.548922156918
0.0655678040812
0.444092787221
0.752288403286
0.567851356139
0.875183413271
0.999999992232
0.999881742781
0.999999952219
0.9999194204
0.998162317467
0.999808771752
0.991130614694
0.834317635516
0.962764956334
0.973074850381
0.999734511631
0.983801722242
0.999999901962
0.995058791851
0.998968772256
0.99999924038
0.961695861419
0.000695216488376
0.999650262349
0.0027122077934
0.999999998339
0.998750983366
0.964750944286
0.999625133652
0.999782956394
0.917096324996
0.999996472365
0.806456153973
0.996748536886
0.999999998689
1.0
0.999999999876
0.998619671506
0.967780674314
0.998626109019
0.999999999938
0.999991943628
0.994998425314
0.998530449062
0.999958740725
0.787867833827
0.998857038202
0.999999998947
0.999830053375
0.999999652267
0.981925286907
0.999999729849
0.00294232868259
0.934630462809
0.999999999993
0.994188743211
0.954733692629
0.999999999993
0.0020952285039
0.999999999929
0.133321736502
0.830624416598
0.999999991423
0.999896607148
0.999726007362
0.178765152996
0.99153200694
0.184034829517
0.999999948398
0.90721198681
0.997752282981
0.999994137877
0.994089138577
0.745604296696
0.737792088467
0.761736607885
0.989865885521
0.999998850531
0.999705625457
0.999999692842
0.927690446578
0.988636925591
1.0
0.988142793563
0.999994551738
0.932795995774
0.999955458193
0.370670131412
0.999983000922
0.990335736899
0.999094351605
0.999980154923
0.283804072416
0.999004408169
0.998730769739
1.0
0.93647826546
0.380326700693
0.993618923535
1.0
0.926116316199
0.45516955785
0.999991757778
0.99992911512
0.508349494736
0.109905962461
0.952011144215
0.999893459075
0.996546820828
0.999999998982
0.000416032627431
0.0593561584463
0.999815732621
0.999999951053
0.996640261628
0.967102666176
1.0
0.999675946326
0.999999221068
0.999999931914
0.812330176632
0.046488321716
1.0
0.991753579319
0.666419092754
0.564878077453
0.682739675865
0.998667931818
0.0219598156511
0.907676685205
0.878595988575
0.991736550417
0.999999999878
0.961386867593
0.997685993919
0.997588106088
0.999878583327
0.99886369329
0.999607832079
0.765474151039
0.999391941013
0.958737616266
1.0
0.558647636554
0.999999997717
0.0663311956406
0.995919985163
0.999999999313
0.767503352839
0.999999999999
0.999554317777
0.999944674696
0.994207056319
0.816210414214
0.995611462354
0.999963388241
0.999990181235
0.719653070524
0.999836400865
0.99999999994
0.999998577525
0.999885793175
0.989013514568
0.999750125513
0.999999791573
0.0610593244105
0.031088304126
0.999999870074
0.999999815322
0.996468473321
0.999997639961
0.97568447609
0.542393626715
0.999999896835
1.0
0.961189837029
0.999999998628
0.984507989415
0.532478879265
0.996377668631
0.999999374915
0.985549872012
0.999548260738
0.999952176343
0.999985094842
0.994030911948
0.959357196698
0.943066871015
0.999999821497
0.999999995149
0.84345058251
0.999965668563
0.627325209908
0.99989343419
0.999999999939
0.999999999944
0.999905795966
0.999999981641
0.999999913443
0.329970147017
0.9999583854
0.725865014877
0.999957164572
0.199861135281
0.999999826033
0.501012778407
0.748766057953
0.999974192457
0.999999626568
1.0
0.375303274524
0.999999041522
1.0
0.99999983251
0.999095259597
0.396801735695
0.982195902645
0.997597044421
0.999856782914
0.78220046648
0.732614788487
0.0214491228426
0.994868769475
0.283893040845
0.999999996183
0.0370528919709
2.81456012481e-07
0.999996677653
0.999999999976
0.999925711156
0.99728059685
0.0466832266078
0.999934784419
0.986970828579
0.998855737456
0.994178376564
0.988748316669
0.999999999855
0.999962412193
0.999984339006
0.334427660652
1.0
1.0
0.982022310006
0.999783043445
0.999207833828
0.920814396017
0.999809113274
1.0
1.0
0.99993961314
0.998281767015
0.999738541932
0.999084521793
0.00353047882518
0.0247782288409
0.999999999428
0.90823540167
0.995956589072
0.999983796035
0.987610522898
0.959400856695
0.982960624221
0.971042559441
0.985842440493
0.997869812678
1.0
0.151941589539
0.99996883711
0.999991698482
0.966613675039
0.999999989102
0.999811080196
0.999987925477
0.968907452493
0.989396381593
0.999591136428
0.999999999999
0.895057190995
0.999928468758
0.999999999999
0.99999999682
0.985184384649
0.68256285356
0.476083339639
0.999999998835
0.997639814682
1.0
0.995546599306
0.999833443577
0.98661600042
0.640865587064
0.817897566751
0.997825671597
0.999998767881
0.999453028379
0.0100642659891
0.999999998536
0.872470536027
0.999942664184
0.999999999383
0.982092567444
0.0162642353103
0.517499073172
0.00154951064567
1.79233061814e-07
0.999999999999
0.999990304286
0.717188727103
0.998219232677
0.821180556168
0.999556863708
0.669263867101
0.00289966157948
0.999999999978
0.683211704453
0.988103545763
0.999808878259
0.99999987008
0.942245808266
0.999997703165
0.703084232063
0.605872847759
0.993727189125
0.668021868553
0.918341716092
1.0
0.999707961698
0.999999999433
0.99999999272
0.977966110896
0.999999993005
0.999999999964
0.996554733264
0.544523673963
0.999993257025
0.999999981083
0.999999999989
0.999999616104
0.215664845348
0.999988978469
0.106145596237
0.999995066079
0.999995824714
0.999552347142
0.999962453298
0.999864819798
0.995261108696
0.00685835088567
0.183127556042
0.999434628131
0.952068151978
0.999996843708
0.999999560661
0.98623983486
0.695196813446
0.0676516741522
0.999861239617
0.424651125188
0.955821879339
0.99943823987
0.000504889120817
0.999997813792
0.999979304766
0.999975917843
0.999848900538
0.999176027694
0.979493660525
0.000962765813789
0.999999894962
0.999425693906
0.999984634785
0.999999980874
0.998994746622
0.999990671308
0.999999999296
0.99988834279
0.184217496551
0.674284878656
0.997318858679
0.999677922036
0.67540311148
0.999999992224
0.999997010189
0.917015194974
0.00434396724355
0.887399056662
0.368177219449
0.910519953385
1.0
0.999999986297
0.496861177881
0.999580137006
0.955321240498
0.999999998907
0.972774423732
0.998973026169
0.983503755266
0.976758763386
0.965812563607
0.998858118633
0.999999897342
0.98406002456
0.917894021518
0.718364908374
0.99804424866
0.988966840128
0.999998327861
0.999933715082
0.99999999975
0.333184885437
0.99989832471
0.997357121792
0.143820779736
0.131462196399
0.0742730992585
0.0427253330063
0.999601846504
0.999999985527
0.999457253896
0.999999487653
0.99999287432
0.96133980031
0.706853794075
0.994361435461
1.0
0.998821090326
0.988116158622
0.289217095562
0.875164646142
0.990341478091
0.999999427268
0.813940801699
0.999987920393
0.848875412766
0.848847072566
0.942574658408
0.995410669636
0.999999982146
0.861642555789
0.0844683437566
0.999999995316
0.999602792665
0.999999944112
0.189378399498
0.999899900974
0.840969606315
0.99979076728
0.999999358863
0.999998164926
0.967501060869
0.999202422728
0.999999999686
1.0
0.261705038513
0.99737059282
0.998952418094
0.901941603109
0.999999798416
0.00149953310662
0.996165640135
0.985193353452
0.99996899087
0.999945543784
0.953074618343
0.928421655722
0.999326820266
0.999424533429
0.841698483767
0.993636360238
0.999999713137
0.966280567526
0.999999960322
0.999999998961
0.999990971016
0.930850473713
0.999992365267
0.999999998847
0.999977384294
0.999986669559
0.999978953175
0.999994950853
0.0069666454281
0.343919134144
0.859812198543
0.999705388004
0.0901728070616
0.99999858576
0.993686618173
0.999999744617
0.999896380571
0.998388770343
0.999998890171
0.999999936516
0.9995261776
0.999999999971
0.999998708979
0.999991484938
0.999999999957
0.808704799654
0.999641321503
0.9967986083
0.0027122077934
0.999991691603
0.999976883844
0.993460758538
0.999999999991
0.475841429232
0.502471444893
0.994898091727
0.999999133766
0.971452597105
0.999999996616
0.325822548619
0.507920990282
0.999981102899
0.99999999097
0.999999453091
0.816554055922
0.972811027911
0.933628364246
0.854210333113
0.999999999923
0.999999999944
0.00215451331279
0.999996848957
0.999999999959
0.906807820796
0.999877583049
0.262547819917
0.999866225466
0.999996030304
0.997068638699
0.211853161442
0.999999963065
0.00501504384601
0.575719697745
0.000273465367723
0.975835962345
0.999999991624
0.848191438118
0.995990836524
0.0341245900901
0.99999751628
0.977632509117
0.348862900581
0.999999879113
0.999658832473
0.999774073429
0.999996357212
0.999153584348
0.999962700203
0.999963893694
0.561087989785
0.999991301541
0.999998068224
0.787930153337
0.998385204531
0.996465851404
0.643372091148
0.999252592641
0.969139888117
0.999999498262
0.768684258867
0.968907895323
0.931232755757
0.000298056924559
0.938903918109
0.997617121671
0.999999999991
0.9999999853
0.999999994278
0.999950731782
0.0098101176762
0.892774772271
0.107892480901
0.986744371374
0.999635091171
0.628787839389
0.999529957497
0.999986618781
0.679754363629
0.99999998628
0.983092113522
0.999999996225
0.995231747401
0.68721904795
0.996421711062
0.999932261515
0.999913535434
0.998959171382
0.999560714709
0.997449593037
0.999999092618
0.00575688714969
0.988337429214
0.461093583129
0.999999999956
0.999999961739
0.976721324485
0.931661071709
0.999987745764
0.98895634551
0.999935625279
0.999999934167
0.981828451546
0.99999999969
0.999992225808
0.000362165658277
0.999889512372
0.999999944254
0.991616654063
0.120464982132
0.999999946447
0.999995656805
0.999712996979
0.999494867389
0.413105476838
0.874800634061
0.883017152444
0.999739525085
1.0
1.77516930176e-05
0.999903468282
0.999998969404
0.707053181964
0.999999985734
0.999976841753
0.999564421319
0.0244620701187
0.0595137502765
0.999836211773
0.999991850173
0.9957934607
0.999999999692
1.0
0.954352734381
0.932176197687
0.268894827052
0.996878467003
0.99961346187
0.999473056107
0.199733592299
0.998794678128
0.994794177344
0.99972292952
0.148320582578
0.99998569284
0.992467236455
0.996896105623
0.917102373876
0.983079290692
0.963133140872
0.00989781959755
0.999999777275
0.999481342865
1.0
0.163233339299
0.999999999995
0.740568483007
0.99815875237
0.0050063299451
0.999569444907
0.163140293332
0.999999515425
0.670079094597
0.522425609878
1.0
0.999086930282
0.102045627117
0.977383295455
0.99997322348
0.999553822615
0.956875747224
0.667710273785
0.864244910945
0.662051665394
0.543297188407
0.999924551658
0.999995599856
0.0674462874549
0.930621101215
0.876717720417
1.0
0.999862064616
0.99999935566
4.38685902926e-05
0.992408960206
0.997390557076
0.588907184077
0.999813678212
0.999999843785
0.999719955543
0.996487153621
0.999996376791
0.999692345644
0.926241256082
0.999999859348
0.999999862041
0.999998855578
0.0146198186973
0.999999999998
0.163909574251
0.955039409559
0.999999990437
0.986098011652
0.865510036189
0.686149484745
0.998377222022
0.0374115569185
0.994611890293
0.972432015377
0.99998167334
0.939213943704
0.388411512041
0.999519180976
0.9996884958
0.999999999414
0.640023971279
0.948534560457
0.0260295504426
1.0
0.999745034009
0.999977571659
0.999903156335
0.99999999501
0.999836822514
0.20675923455
0.975637815628
0.992995231756
0.559238828619
0.970326220082
0.386225038111
0.93009349999
0.983801651356
0.808786728924
0.94485160977
0.574569405091
0.667945823782
0.99696785101
2.19806754324e-05
0.999530771846
0.902475754917
0.933206452022
0.91028158258
0.999999999547
0.997897087703
0.978866382476
1.0
0.023455184385
0.751019103312
0.999955403727
0.411576333851
0.711224546417
1.0
0.99799374515
1.0
0.999999999839
0.999999854946
0.999441513031
0.999969632481
0.999079974594
8.30547095757e-06
0.999999998746
0.999999978108
0.99999999981
0.999999538928
1.0
0.680338625652
0.999999805051
0.999634395694
0.157218925188
0.998099282432
0.999869374018
0.792104632849
0.975401898572
0.99999993728
0.760968581883
0.0809698230217
1.0
0.992905714257
0.976066877616
0.995930322526
0.95552279422
0.999999999994
0.99997476667
0.99989307458
0.999993273922
0.506880466119
0.998199532878
0.999997056765
0.00612821395018
0.401056319351
0.999973936628
0.0385814481636
3.2712037151e-05
0.992232151723
0.99978170076
0.999999770708
0.892813443352
0.977388325661
0.0540782061041
0.999999422296
0.976547811182
0.928548599751
0.999998683068
0.0100783639053
0.999783108134
0.754694791038
0.994983772024
0.999835820046
0.995645526614
0.965409519875
0.0252747704423
0.999998998233
0.999997971965
0.999993296122
0.999977193933
0.998084177412
0.996524093494
0.994129585042
0.999999991901
0.999912328018
1.0
0.999999999997
0.999999112282
0.999721027867
0.999999923351
0.995121172901
0.999998117246
0.999995823929
0.999994771358
0.999705588348
0.994420343471
0.363933049468
0.999999161131
0.110675069983
1.0
0.999994075233
0.999636385915
1.0
0.999860674536
0.999999999911
0.0048739864469
0.691192383274
0.991457291771
0.723250671834
0.791608840076
0.99998781529
0.978433303061
1.0
0.986212658786
0.890050666726
0.478770194026
0.999995334058
0.964548251873
0.996747569961
0.983833885676
0.98926202125
0.999999991291
0.999999744144
0.887772762091
0.999999081836
0.999999996788
0.899656357864
0.96153607282
0.396786582351
0.999996689337
0.870014028543
0.999968165958
0.999914556028
0.999900406693
0.999999367268
1.0
0.999984838575
0.0596235301051
0.99999877902
0.936671248914
0.999999996273
0.996723191897
0.999256798242
0.999930956303
1.0
0.399364652581
0.997991161416
0.14525721434
0.999937866423
0.999999999988
1.0
1.0
0.993062448168
0.627648817189
0.997142255448
0.999999707941
0.866477748889
0.99999746527
0.99999998179
0.999790275355
0.908200954172
0.99624231315
0.999999999989
0.982203938186
0.994837598296
0.999999828554
0.999999994522
0.986791523337
0.999998354479
0.998036967043
0.999832291396
0.0033401683527
0.999848110724
0.948399934956
0.0744502762729
0.081524427998
0.999999304446
0.999953146115
0.992691230924
0.999949781461
0.572637979422
0.981503153286
0.999990070701
1.0
0.0301757906554
0.997074017229
0.454951985765
0.999995990665
0.999999999457
0.118654798008
0.999999976023
0.374025367545
0.999999999972
0.680437837788
1.0
0.999686700856
0.345245705191
0.687034047626
0.995275789429
0.999908930445
0.999999999982
0.0120329099306
0.01516730152
1.0
0.398980607746
0.0701488457651
0.999686764425
0.285174774393
0.987331048627
0.999999901829
0.450309076437
0.999999794888
0.999934607336
0.999999999957
0.997646567681
0.88756017413
0.300610172062
0.994613840188
0.13440865799
0.582602330607
1.0
0.0524394194203
0.999999999905
0.999921609982
0.819696208177
0.98379752417
0.000829770679097
0.0599049274121
0.999851223753
0.695756547784
0.243457085354
0.680326533686
0.999995780441
0.999999955966
0.999999746354
0.582545118614
0.999866109564
0.935844607197
0.931146831112
5.64471158306e-11
0.26485397269
0.98212041555
0.567815476221
0.901143077711
0.992700210731
0.977210053516
0.504795876
0.999808010546
0.999877039191
0.982985995086
0.999642211468
0.288718266787
0.999996125527
0.994398730905
0.62996236923
0.999919522926
0.956639794242
0.999010405438
0.984689726895
0.953473788604
0.988252302657
1.0
0.00869055710696
0.0693289314495
0.99999029447
0.99972463209
0.999999999832
0.999850906182
0.99981119814
0.773506363936
0.999999797016
0.999998835381
0.830738583118
0.999991814452
0.996194804091
0.874923512647
0.197829384842
0.889198296524
0.999999450157
0.949842430143
0.999840433813
0.999990741709
1.0
0.445262609847
0.0408562515131
1.0
0.999854640676
0.994730083615
0.99999999998
0.520631182879
0.993876746879
0.659573342359
0.999999996666
0.963193280216
0.999999999872
0.874150532021
0.989165330121
0.832295271387
0.95389236136
0.9999908468
0.989847881032
0.540128184229
0.990615786997
0.758537807341
0.910582693049
0.923907815448
0.431818407726
0.999499230856
0.872210307624
0.999953920334
0.998063325894
0.998940376552
0.991051752286
0.379099284145
0.999999999011
0.0523868008506
0.999871008087
0.865718106637
0.988983036066
0.985256559605
0.913507090189
0.0825830291021
0.999999908624
0.969771039813
0.997848504026
0.999999999994
0.99893640105
0.999979784728
0.999999722617
0.34088179846
0.999999992865
0.686021550832
0.9999999875
0.999979150499
0.993292116601
0.983254073185
0.999999996937
0.999999971598
0.999999999884
0.641767160809
0.999855858506
0.964557208744
0.999917261595
0.916328828704
0.457343268191
0.999999999998
0.999986979714
0.999998112111
0.514938997078
0.999999044666
0.998563617779
0.968696468258
0.987143454413
0.0102730090419
0.999990402524
0.999995057232
0.999966030596
0.986084801299
0.995296552117
1.0
0.982498755459
0.999999991216
0.99999997747
0.488323679213
0.853240376702
0.999999983404
0.999905420153
0.976341778694
0.950417853009
0.979840831975
0.999999215975
0.969944786288
0.93634576033
0.631230413632
0.999886166535
0.848621712198
0.0218113614195
0.0222576110014
1.0
0.98153814237
0.0958910723606
0.986376276264
0.999999996897
0.999975552613
0.999999648947
1.0
0.999999596343
0.963152081901
0.668575258452
0.970703839456
0.999977985908
0.571990320057
0.998413888832
0.998410426778
0.174818568253
0.999997879043
0.999645197501
0.997706527893
0.999752045859
0.999999999976
0.982013172087
0.925760137742
0.987724873617
1.0
0.999998508735
0.999998589321
0.298087632294
0.986665912539
0.999995221621
0.999999998523
0.999962578126
0.842101793592
0.999984482518
0.98556450864
0.68573961007
0.999856653837
0.999999953112
0.999999999932
0.990333688773
0.993590474336
0.999999791205
0.999233075514
0.961274412644
0.0419870313058
0.999999999052
0.999999999999
0.907872306282
0.993636463929
0.999998451308
0.999900891255
0.816686929192
0.938712068248
0.893536124
1.0
0.233066842862
0.00371655629903
1.0
0.99893294206
0.123357322541
0.968754754562
0.980747157724
0.999995716144
0.99982757241
0.997458082624
0.999731695454
0.999959431989
0.973821254448
1.0
0.323175790247
0.984342520275
0.999999553181
1.0
1.0
0.434182324741
0.999992164171
0.998861195422
0.999816070837
0.0741056041386
0.996479164347
0.999820094027
0.0668896810737
0.999999042004
0.999308167442
0.999999953454
0.0255706692494
0.999999971349
0.992835727291
0.999998835456
0.970337191835
0.999314507139
0.961647321849
0.999981462193
0.299785350707
0.99999921241
0.999998747137
0.99999999998
0.999999858074
0.999999999813
0.998373147237
0.68017227762
1.0
0.999999869864
0.0480833134697
0.763503285879
0.999999959891
0.987845255814
0.99997830746
0.999921904791
0.999999197104
0.999998347242
0.92220060565
0.141363060092
0.99983043134
1.0
0.999999994658
0.0374437811482
0.999999999236
0.99999999946
0.99999996379
0.997738382224
0.999999980855
0.995211496499
0.99999999844
0.991826229481
0.999956764468
1.0
0.9999056914
0.650342149268
0.999973618738
0.999990749802
0.999999994115
0.99999700878
1.0
0.999718565945
0.708146701645
0.989357859408
0.99964939631
0.898983675602
0.941946420429
0.998723961055
0.236733968075
0.999998285759
0.992946113293
1.0
0.999999726559
0.99679579848
0.989123766609
0.999999988827
0.999873567199
0.999999683994
0.730390094687
0.262783269671
0.999846357354
0.988820257424
0.057272601201
0.999470564446
0.994004594244
0.99999999699
0.999998501357
0.0289187362472
0.999964986828
0.99999894397
0.802217657643
0.99999999996
0.999992968854
0.999953851577
0.894893638881
0.999633530293
0.0718724055464
1.01080752374e-06
0.868418688365
0.178821310826
0.997146689202
0.99999962453
1.0
0.999967158845
1.0
0.999999999434
0.996177475381
0.999999993165
0.00145102872096
0.999990725848
0.997268931083
0.545511571025
0.551851027461
0.999124575952
0.974872977968
0.999999678018
1.0
0.984373803838
0.999999995359
0.999999993089
0.760267060497
0.997676024487
0.813079146185
0.97439204344
0.858276964679
0.999992123667
0.991787940561
0.999957677046
0.999998710822
0.999959122376
0.993377177113
0.999906148438
0.999999999999
0.136080390674
0.999999154959
0.999998764215
0.997839099569
0.995934984968
0.00276540128861
0.87231475908
0.711047151205
0.999992566385
0.999999999887
0.999999998718
0.999291261784
6.81186275829e-05
0.426981018936
4.04194185739e-05
0.999999621766
0.999999942821
0.432825125084
0.999890721822
1.0
0.905459162425
0.999999378387
0.999185824291
0.0239011491729
0.999999998877
0.999999134764
0.710723489632
0.999904148207
0.958909358128
0.897370459649
0.999785065327
0.99994160849
0.982602645338
0.847525651195
0.86962570486
0.985001754134
0.999528420435
0.808446695849
0.889360717183
0.79488589491
0.998879924207
0.997392991763
0.999310725445
0.999916343334
0.939525166228
0.879823816701
0.114280107611
7.50825762636e-09
0.867217905957
0.12602735962
0.994658762712
0.00263682330159
1.0
0.160454486825
0.999999940988
0.999803678805
0.998979597374
0.999997064774
0.999999999993
0.940503346619
0.999999975072
0.995927651133
1.0
0.99998234079
1.0
0.988489827172
0.999305686441
0.999979272741
0.999999916638
0.00211410182166
0.999996726691
0.990642171903
0.999999999214
0.998708748854
0.999993823647
0.172566692066
0.0021026981343
0.891373598793
0.999997998459
0.999999999032
0.99976493921
0.864897673962
0.99198843208
0.000769576381669
0.0246436834413
0.958510509102
0.99999819704
0.999664464752
0.954589615372
0.992681809333
0.969346892782
0.944940838324
0.111822307698
0.997273861918
0.0939538436941
0.999999999913
0.950352565201
1.0
0.995945714145
0.999766865793
0.999463671925
0.953438399729
0.999999999631
0.972842077941
1.0
0.999999989911
0.999392061656
0.99846518004
0.999999999981
7.81647010671e-05
0.999999928888
0.999999997721
0.999999677209
0.836673345285
0.999999475944
0.999755286673
0.999978973145
0.998161681186
0.979764995695
0.999999966013
0.00192813324142
0.0572483994134
4.32996098964e-05
0.00175270644106
0.999513427997
0.999984124838
0.47758291584
0.0106282298073
0.542230854198
0.999868370902
0.99999776859
0.946385028024
0.00849387223263
0.589521076845
0.725627931033
0.686407408612
0.486172546989
0.999999996426
0.999999941039
0.779294537362
1.15065126107e-05
0.999999999996
0.964222072211
0.856520234913
0.204573068638
0.999999994805
0.999060345937
0.998792894406
0.999999999866
0.999999997917
0.977180306698
0.999844962224
0.163440497661
0.785203556522
0.999999999998
0.982847182656
0.999628747388
0.999997768123
0.999999997874
0.99998220936
0.83452031595
0.997232359575
0.782272423967
0.995960474874
0.829035593883
0.823843927285
0.999801290387
0.999713802087
0.972235142602
0.0942471908302
0.999999999329
1.0
0.693106248348
0.999973971308
0.0711186532862
0.00415002644066
0.790856999373
0.00015211684554
0.999998146764
0.998888585527
0.292523702643
0.529694231597
7.16433889206e-07
0.999643308796
0.99991051108
0.960251800236
0.999999982574
0.999998992158
0.852699468446
0.97425985024
0.946247844084
0.46989539652
0.999967802746
0.905513443295
0.992245524245
0.999999990718
0.999999999949
0.532569131169
0.97184528278
0.996684040559
0.0770703053022
0.999920920679
0.00329961142442
0.99973486027
0.999999939619
0.960258219809
0.996956181613
0.999644092435
0.990611922803
0.900611232972
0.895718240458
0.0213543280692
0.990189517402
0.250233920116
0.999234824196
0.999999999935
0.994356812378
0.98997031794
0.999999977102
0.55751699816
0.999974889217
0.999947356899
0.450804068078
1.0
0.999999939911
0.000473952203676
0.999997031568
0.996299428653
0.723931329632
0.999983591663
0.999523562029
0.809007600377
0.999954617786
0.99997236022
0.99756428787
0.995638675415
0.999997748859
0.994640792562
0.997877204626
0.998874130769
0.999999989308
0.547752279781
1.0
0.999188915356
1.0
0.994230776746
0.986915434328
0.999996667835
0.973823712184
0.999999880716
0.392867044639
0.817786457369
0.999462562127
0.995176199299
0.996896521
0.99995496045
0.974101957782
1.0
0.269355319623
0.996901269464
0.99989913686
0.999999999206
0.999987825727
0.993548704678
0.990692680413
0.00578781405782
0.728017612112
0.995197355653
0.999999841799
0.896340132991
0.00222030290432
0.998277004672
0.999682642182
0.999493243633
0.99999363509
0.999997762299
0.976543991186
0.976650549968
0.999999870798
0.558259446982
0.999998311163
0.0705030670801
0.956267463024
0.999999511171
0.998468547517
0.999998599572
1.0
0.999944082371
0.476849774331
0.998283199324
0.999999758145
0.707048942184
0.984799199441
0.999156095757
0.999481068547
0.99163001971
0.353899197021
0.999999715955
0.923208382526
0.983763459633
0.999999999999
0.968056038225
0.999979014657
0.999999994405
0.999994462085
0.971837218832
0.974608673382
0.968057306471
0.999949943909
0.990074348558
0.999999443471
0.997231778262
0.999992696951
1.0
0.293275568893
0.999999675946
0.871744558963
0.999999994075
0.935848520101
0.999896952463
0.897661671004
1.0
0.517396551184
0.99999825154
0.987535983096
0.996494557804
0.999528856958
0.999515441514
0.9999999458
0.122470276924
0.999638298789
0.999999647395
0.777814302382
0.999294891887
0.0658148388375
0.995038817958
0.999999709137
0.999973234952
0.999287480356
0.999999999995
0.751905533751
0.107029638447
0.972656796406
0.999999999996
0.999980423079
0.944459377761
0.99999999977
0.999995836527
0.577170749609
0.999987828344
0.999994810788
1.0
0.969674256844
0.999126219937
0.999806799235
0.999963347032
0.993566784566
0.996096790658
0.794848704951
0.999984089502
0.998449659681
0.579781306231
0.999999881525
0.973640111768
0.999998607974
0.986011852068
0.999903977396
0.999395728027
0.999781246497
0.947035692734
0.82906511561
0.999999999989
0.670493243925
0.961041008595
0.820608549514
0.999999986579
0.0467118905655
3.60044502427e-05
0.926116130134
1.0
0.997588911107
0.994827281621
0.999850444368
0.959641761287
0.999993089283
0.575087923665
0.975916853512
0.999992239644
0.918771692282
0.999952081368
1.0
0.999999999998
0.999997636987
0.983939223968
0.0307749158151
0.999999786563
0.999408663508
0.9999988173
0.913075879976
0.974288728341
0.121405119685
0.988810425415
0.0349014985473
0.999999956157
0.858437388069
0.995624065153
0.996522257889
0.0193307270227
0.997862315695
0.999971007841
0.999999999968
0.969182885686
0.999999997587
0.99958962558
0.999995864414
0.990075967271
0.99999999997
0.013024072983
0.936790566828
0.962272558782
0.999999999839
0.999518902326
0.998016955846
0.99999992818
0.962788406104
0.000393684691053
0.00933639830835
0.999172656029
0.99999999632
0.0134032944299
0.00616277828941
0.483085066862
0.470372256343
0.81090946982
0.999902251992
0.999999999343
0.287879949447
1.0
0.999932028147
0.565045951743
0.999837603159
0.971054266769
0.999842262828
0.79131131189
0.979379657286
0.999334665104
0.000438977091808
0.999999999999
0.999999963362
0.918859071731
0.963084122831
0.993086290898
0.4827387474
0.999986100135
0.999875656924
0.999983497863
0.999678002608
0.164478844825
0.998428013323
0.994433715459
0.997624748615
0.955013234716
0.999999947369
0.999680101165
0.635463788091
0.00101336401377
0.762119127056
0.999395925936
0.89698305476
0.99999999988
0.999792907857
0.562201780689
0.999680148115
0.999990516802
0.999769848596
0.999999319697
0.999994071125
0.999999980066
0.115619029531
0.994230769553
2.21876219426e-08
0.999999885403
0.547808204874
0.999999999999
0.444292455846
0.152878997806
0.999999963042
0.949483737506
0.921311946438
0.988243227358
0.999999956446
0.860385673568
0.987690576338
0.999868161229
0.138711187747
0.999997452832
0.999999948046
0.485240688812
0.983655499102
0.316106113468
0.997888960889
0.999992051357
1.0
0.000248696482553
0.185845004804
0.999999996058
0.999849391355
0.434469338782
0.00237645332068
0.153678659327
0.999584605138
0.99556555446
0.999999995452
1.0
0.583461964931
0.979848119068
0.986024603101
0.999999981675
0.0447813822019
1.0
0.998134960236
0.707874323236
0.999999999999
0.999989684804
0.999999997836
0.999999999859
0.99946661167
0.995551842246
0.999999946014
0.123332958785
0.999997940973
0.999999354504
0.994380560177
0.999279428752
0.0301284477314
0.84344312591
0.892388052595
0.425257063375
0.999980388872
0.838164754282
0.00525310913342
0.999986318277
0.999999999999
0.90199833185
0.999999650911
0.999918332824
0.999972889199
0.522129957
0.998518846954
0.99622165676
0.236393158384
0.999629221702
1.0
0.999519392041
0.997768083511
0.999986701085
0.58046738527
1.0
0.997190058082
0.999999998166
1.0
0.999999234216
0.999987555265
1.0
0.984055696551
0.997618041025
0.214682486287
0.999999999994
0.9270985793
0.974011312942
0.999588277765
0.949112111656
0.998526083214
0.99999997677
0.995737163568
0.999992530629
0.972232679711
0.0812336829339
0.999678682987
0.99992343803
0.643087573417
0.374428954833
0.999796890115
0.818254496888
0.999998644517
0.207372314212
0.341691743587
0.999646291092
0.999999999962
0.985053949428
0.999920902243
0.737317050779
0.994590839289
0.865036984334
0.999999487558
0.999762566406
0.999999934357
0.999999861169
0.0224069677859
0.999989222383
0.725056577577
0.302818480184
0.999826259499
0.349914630002
0.999780804923
0.999988401495
1.0
0.999992170204
0.99951675497
0.999999667241
0.945152341675
0.999997933627
0.999999999515
0.999708913601
1.0
0.65051268992
0.999953192671
0.992055451095
0.770816366608
0.906272133661
0.977344789612
0.999999415001
0.20096081166
0.999674052346
0.999483975606
0.999998121208
0.954239213422
0.846698886414
0.817538734183
0.965811715451
0.335956184632
0.835070964358
0.999999999946
0.996507823654
0.995057785307
0.999999998013
0.476523888202
0.99999948221
0.973884099127
0.999897940833
0.699640644974
0.999849848232
0.999999999998
0.977836501272
0.201039875109
0.00167441640459
0.980734655031
0.999999960861
0.833971325582
0.995872984865
0.140460608447
0.0901871597327
0.999994943962
0.954682464002
0.999820263798
0.999958268011
0.999999999441
0.943741000989
0.999997949171
0.992775668045
0.867367634849
0.926735098927
0.999999999999
0.999965790358
0.99990081504
0.976584465374
0.999983962282
0.999881753015
0.998979450561
0.99999978387
0.969998567679
0.0651914949355
3.08407054762e-10
0.676901685377
0.999999001734
0.860328302674
0.994913329338
0.979444876732
0.999999999928
0.904964831126
0.999987661855
0.998308610464
0.999999996931
0.999309147918
0.999999999995
0.260263821091
0.918305320187
0.988896015237
0.999999549829
0.999905740394
0.999999757789
0.999233146675
0.999995824627
0.999999999506
0.999999934888
0.987413522814
0.999992902919
0.0355351999532
0.999922488716
0.999996367632
0.999999464389
0.999999698195
0.999755001857
0.897644655539
0.999889136674
0.994212547294
0.994858644133
0.999920011049
0.540189727527
0.989857161115
0.994763357318
0.999881882269
0.962542665773
0.999998547022
0.00243537661797
1.0
0.546010262099
0.989126860353
0.999984579048
0.99999246404
1.0
0.999979434135
0.99552710707
0.991324393322
0.999267132021
0.999873314607
0.999999994681
0.999965052478
0.280955374818
0.99999999728
0.961720570297
0.999551318423
0.999999999694
0.99999986151
0.999888250557
0.99981868765
0.99999891608
0.0375085493145
0.639948555444
0.987477233209
0.000107006153051
0.997668360511
0.944770410028
0.991536126659
0.565298737849
0.999593525533
0.999998523151
0.999987570632
0.999953529496
0.39344061134
0.999997074579
0.999628281579
0.988444598229
0.976746747486
0.999559017374
0.999999996729
0.812727840034
0.998973152458
0.999448540456
0.433053463901
0.999999998125
0.999999983043
0.999959786453
0.999999955752
0.0724625890282
0.732535807916
0.999349546178
0.521614951122
0.999344481228
0.999236109879
0.999999547433
0.925488037262
0.999053996648
0.974809936834
0.999430388659
0.433903975223
0.999999999562
0.999999802103
0.959282555588
0.999999995627
0.999999789753
0.728768935859
0.998617051436
0.304937963398
0.999999845014
0.994832811189
0.00119987091896
0.977733903076
1.0
0.976137524236
0.997945753481
0.999995610279
0.0156334110552
0.897125963
0.977117975981
0.999617151296
0.994317608823
0.991592374271
0.999999997296
0.983043194811
0.999945241767
0.0125299744393
0.991911342272
0.99999995313
0.99986179366
0.999576794924
0.999990164128
0.999542433329
0.595005712375
0.999465474724
0.997789619327
0.999999931448
0.877321095845
0.0338293115528
0.999999999954
0.99574497777
0.985837915725
0.999999999999
0.999949363718
0.0213582775665
0.265229731163
0.605719400017
0.0158894666368
0.996367741335
0.974032976145
0.999457740635
0.0392213659879
0.999975016243
0.992718383785
0.999873548627
0.999999999939
0.989171194567
0.99986165246
0.999999694153
0.999638379578
0.996953032317
0.999997998106
0.999927782913
0.999999997403
0.00268663862926
0.999383249323
0.99999214908
0.995977008766
0.980968889982
0.999990780939
0.0928874065456
0.999046208843
0.999994894134
0.999907337519
0.00387596295188
0.280202744477
0.999999493543
0.846015821733
0.987361360117
0.999816649915
0.95324174626
0.999688285405
2.04903452609e-05
0.997481992731
0.966263796832
0.99999999998
0.883894428497
0.00786376057888
0.000282536227182
0.999998713236
0.999999977692
0.993930563916
0.728798658026
0.0210661525408
0.999496869085
0.999999999579
0.999873350842
0.999999999901
0.907019511083
0.988068518348
0.932539808485
0.79826095802
0.946176681137
0.999999993078
0.999999999965
0.896092151682
0.0159943699282
0.999823588989
1.0
0.999999999974
0.999999680685
0.999999999955
0.999999991775
0.00318248480186
0.998715310172
0.999999291218
0.999999999999
0.999999999774
0.998835156798
0.373259623517
0.997758337481
0.83785868872
0.999890024462
0.977684954861
0.0101333671544
0.00995252919729
0.998947011074
0.999999958601
0.990405507
0.999829793859
0.999999984035
0.991619028593
0.932498092579
0.999732433658
0.999916618443
0.968025645312
0.998165909348
0.529279722862
0.340044800383
0.999922728769
0.99968067119
0.907595869371
0.999999090238
1.0
0.999997170883
0.926071683549
0.899570634208
0.999832011994
1.0
0.938807938665
0.999999533598
0.999903188901
0.999130321373
0.999999999658
0.000299861742536
0.99999993331
0.999995841292
0.965245752859
0.999999492613
0.99998487242
0.999943326352
0.94909962661
0.457322284463
0.991850301991
0.232872932776
0.992370803222
0.996209602661
0.999970293285
0.232513591552
0.826409232773
0.999198616522
0.0336037448678
0.999979929194
0.495813923507
0.914536960635
0.989101578837
0.99998541869
1.0
0.999999033837
0.833515802906
0.765906451481
0.354844478431
0.960888322429
0.00672252775269
0.999537346997
0.999999825685
0.999329824342
0.527004763439
0.999999996785
0.821949477858
0.9995671701
0.999575560845
0.735695274749
0.84361643161
0.980849739503
0.994627115075
0.999673791802
0.221249815101
0.999944939232
0.99999951193
0.9913045756
0.796825755149
0.999999946409
0.983549731266
0.999971086609
0.999929004064
0.9409153317
0.996474555077
0.0661380997355
0.999999975894
0.262079149203
0.0060459684256
0.983673993347
0.99890965585
0.999999982602
0.999999999999
1.0
0.787710201842
0.976701854146
0.999999995774
0.999850219468
0.538650163733
0.999876020298
0.989833424458
0.999999920223
0.720853676835
0.936373975923
0.629434945458
0.998631426491
0.996159654247
0.999804499035
0.149355701655
0.883345171747
0.999991717289
0.938128445075
0.00412296833062
0.201362542003
0.46405751665
0.96140233651
0.994778708621
0.999033093461
0.999796572831
0.998375144433
0.999989661306
0.999999999171
0.999958041985
0.999325789266
0.999999999913
0.755157551404
0.999994337471
0.999388617137
0.723219557879
0.999970542238
0.999754519285
0.999988208602
0.846338956249
0.996238735276
0.999999836388
0.0278028960193
0.99999153468
0.187854811879
0.000176814560727
0.938768899839
0.999999999904
0.992631216932
0.99973173694
0.000910634488725
0.0613162694986
0.999935330159
0.999972785177
0.999999999991
0.999999995532
0.999455566593
0.999999999999
0.743621132583
0.999999999993
0.900256466137
0.828487934181
0.97318347767
0.999999999998
0.999932915238
0.999999817096
0.963723682167
0.90429747473
0.998055255277
0.00100283104453
1.09978640028e-05
1.40240795893e-06
0.779610474512
0.270144172921
1.85233197122e-05
0.996927296325
0.000140671746477
5.9832558786e-08
0.0583601413479
0.302364228499
0.000143301744468
9.24423309731e-07
0.0195008210065
0.000153302576363
0.000582958133161
4.78080996777e-05
0.90788458983
0.686769585141
0.147538465275
0.00940441890445
2.14132357607e-10
0.000131853464803
0.184684079663
0.354277457632
0.0123165420961
0.999942925082
0.516887794238
0.99924243047
0.000202347225155
0.00117077344987
9.94968734183e-08
3.14055823323e-11
5.8812376073e-09
0.213277148053
5.42694338029e-08
0.616214217169
0.0328134743016
8.01155538152e-06
0.020417628969
3.60940881533e-10
4.13689959639e-06
0.48164269182
0.994844397323
0.000260950968465
2.02583934279e-15
0.966114161068
0.0307129527831
1.41180748648e-05
0.0517070617285
3.22502786444e-11
4.68614387221e-06
1.76872131368e-05
1.83269960351e-12
0.000168214043028
0.895428183506
0.000559855998393
0.183506993776
6.94549443379e-11
0.000686724995669
0.999997727896
4.68983402876e-09
0.0120437115183
1.23486587598e-09
0.000149456727005
1.86921354515e-08
1.27649668639e-05
1.15193656901e-05
0.00262086160686
2.38464101759e-06
0.000533599768738
0.118202356178
0.0715621286261
0.992614020469
5.06300960925e-12
0.00267688943004
0.159938869334
0.000141568108113
4.26244724665e-06
0.0427175157572
3.23348636528e-07
0.0210747091331
0.000194691776662
0.486617915181
0.999996251254
3.33352562388e-11
9.4500375452e-09
0.000179352286649
0.991902638559
0.00217124034217
0.999813273361
2.05059110883e-05
0.12710651036
0.000697346891756
6.74867139226e-06
0.00102296252459
6.13446171905e-08
0.0204306271682
0.994584620261
1.01908253261e-05
0.000134694584163
0.246076148535
0.368145607451
1.95707983103e-08
0.00150428816658
0.999999450143
0.980271830603
2.76723085046e-08
0.000192146063995
0.783644328899
0.540017175767
0.188299615389
3.0144292948e-06
0.0253793479398
0.00490686722951
0.00216971337323
0.00185797599448
0.00567854820935
8.16099350982e-06
1.37882292905e-05
0.00484908575537
0.00168372548871
0.00239678619001
0.00243839415823
3.65922545764e-08
0.00124752730782
0.00843270445531
0.999174183828
2.55645669584e-07
0.155393948515
0.000413249908864
0.000934490199763
0.525232439029
0.969896951338
0.00188292606365
3.8380123091e-06
0.601555023671
0.087476068714
0.0242675216241
0.0193538883594
0.0383302682977
0.00214954221362
0.309640179485
1.37212946111e-11
3.30830066894e-07
0.919339755865
8.42837383729e-12
0.0230820632882
0.719708461059
0.023367529773
1.18099756499e-05
1.5550006653e-13
1.05985917425e-06
1.64820004143e-06
2.1206131006e-12
0.000104638516923
0.336667093691
0.000546041168613
0.625606378219
7.52303123649e-08
0.190317449226
0.000957513991698
0.0163493120204
0.0507020798222
0.80719225331
0.000785164776935
0.000311204140615
0.45675114324
1.14432126837e-10
2.58464268981e-14
0.775959460711
0.340937548531
2.25322837002e-06
0.999999549326
0.00504925433269
0.999676928593
0.00218436122235
6.77522549921e-05
1.30187470497e-08
0.270994496262
0.880947674053
0.0214617505817
0.538632714819
0.999972521588
1.80892618103e-05
4.80924420493e-12
0.971395400911
2.46689122529e-06
0.284922650464
0.00011457276829
0.123359823421
0.00169776890494
0.0378908302564
0.00244695845718
0.598180090505
1.99973889483e-12
0.0169250240666
0.159857390849
4.10849914577e-06
0.0026337403008
1.74566501552e-07
0.084924302751
0.00351369662191
0.00993341279403
8.02846323826e-06
4.00230676086e-09
0.00268890855815
0.0263643840014
4.87388347414e-06
2.3384242529e-05
0.318889578863
0.00504925433269
1.27571767418e-06
0.000148990461714
0.394829289686
0.0486567002994
3.86933840066e-06
0.764862340123
2.51322517071e-06
0.0709628891554
0.00942525407109
0.00937496786071
0.00481813709327
0.000106844303497
0.425469532852
1.69918091085e-06
1.92660528834e-05
0.00542014347777
0.00108511945334
0.291567040083
0.259237961657
2.18805700036e-08
0.00119689426248
2.00197206952e-05
0.000296645191702
0.913282600349
0.0206089119059
3.73120915586e-09
0.00483283960568
0.000100384234409
0.0606074770233
0.000970997320231
0.38706726761
2.03046473021e-06
0.00289596583142
0.00115761901728
0.000126945236404
5.2112058862e-06
0.739579059984
8.75523428242e-05
0.762350750777
1.13369064931e-05
0.462151590352
0.429301102159
2.3384242529e-05
0.0266857896212
0.0143073093141
0.00106185765384
4.66921808697e-07
0.0876869924324
0.964651898481
0.000295187398929
0.0487953233428
1.25960837023e-08
2.29674118368e-05
0.0232608120245
0.116435697715
0.00457082799433
0.000278340960983
3.43164229209e-07
3.67029390947e-06
0.00195111571444
0.000283255632211
2.14906827844e-07
0.999998864535
2.70023585895e-08
0.0040931590521
7.59155026821e-16
5.49236812136e-06
9.80890256087e-06
0.000135831889978
0.00060818284884
0.124841829561
1.71526390606e-07
1.08305143491e-07
0.999998244891
1.28069699858e-05
5.69782125419e-06
0.000631654049018
0.999277434119
0.999775423677
0.08715281798
0.000133806198248
5.8944454524e-05
1.66398843898e-10
2.52182358618e-07
0.917925258707
3.33892179071e-10
1.15719794014e-07
0.140442176232
0.0636442917482
1.51719306423e-05
0.00188491536393
0.00284804249986
0.00045451626976
0.00285306517318
0.0024183035523
0.000515397054484
0.247494846941
8.46787005628e-05
7.48170234792e-05
5.04933907719e-07
1.3314904886e-10
0.999959444966
2.63385321424e-07
3.30600591978e-05
0.0564701398147
0.999997866779
0.250028948343
0.000574803754527
0.697260905683
1.65295415704e-07
0.033246705269
1.52963330181e-06
0.994627661102
0.65345203197
0.99982940813
0.00188309197829
1.76096551238e-05
0.0178096629838
0.000205586080578
7.00845875964e-07
0.00261317999279
0.0570770110401
0.996488503077
1.34399705529e-07
0.0467106666114
0.00295598724228
0.00100448363667
3.09217381799e-05
0.023243326416
0.00108908963315
0.00830146214596
0.000622679523785
2.03122810427e-06
0.00136889975482
7.19027564873e-08
0.174157451647
9.11621882607e-05
6.9795311177e-06
0.000178475461281
1.08757863721e-07
2.03491360413e-10
0.175336801109
0.025713695133
0.208189162851
0.00131181463081
0.00042990859544
0.252311324331
8.14125156591e-08
0.983472957167
0.000255394852864
0.0235283760062
0.0113024220131
0.00933070497862
0.0294648714586
0.0439437823546
2.82789410245e-05
0.000416806355658
0.219481856505
2.75158046183e-05
3.50076378379e-06
0.00060550824218
0.000235496014144
0.00342993676325
0.999997921317
0.12383599801
0.482407338159
7.4121396642e-06
1.23543558074e-09
0.00030743116491
0.00143452876117
0.664866537621
0.00629940197052
0.00014537989125
0.000208046746761
9.6038850841e-06
4.04776241543e-06
3.35599843482e-06
0.457077473687
0.953831662541
0.110892086169
0.999999994543
0.941187132834
3.68554092248e-08
1.05530850791e-08
0.0199937712334
0.0327746252872
6.29841137405e-09
1.24360427791e-08
0.999738866955
0.018991798455
4.27572310014e-10
4.75844045025e-08
0.00011033820191
0.000425190930556
5.0262801483e-09
0.00590510366328
9.10094085265e-05
2.75900785071e-07
1.61283192887e-14
0.000287256900227
0.0134483561961
3.83791790309e-06
0.379195002475
2.81191958258e-09
0.987573931088
0.00195330727095
0.039373867738
2.12040605328e-05
0.00336823969932
4.86693723398e-05
0.00280103299017
3.63801735669e-09
0.000404549721627
0.999999996243
1.54476814467e-10
0.980599730804
0.30387180807
9.51163304013e-05
0.347610449792
0.0036126473614
0.116351945992
0.998254426724
7.56506599166e-09
0.000160836281104
5.44071815498e-07
0.0192344593512
2.08639457192e-05
0.0336933475678
2.56556523702e-05
0.000138729419186
0.402425803285
0.00196659719162
0.0620238795628
1.25998051822e-07
0.0198891597266
7.34328354084e-06
0.999981138165
2.57166035077e-07
0.0546355385298
0.0704182054732
0.104439075369
0.000786028268838
0.00204332637529
0.995616612418
0.0502830663319
0.537406159939
0.0724119300917
0.040646807321
3.37643610017e-05
0.232054938539
0.301935704752
0.999007043247
0.596936094375
0.810719841122
0.0478135995302
0.0516674626935
2.44486459676e-05
3.54311696469e-06
0.803847624816
0.156675782729
1.76698144647e-06
0.00101062399948
0.0130626354609
0.00314214099221
1.86260859355e-27
4.64775405331e-10
0.0298584733411
0.898704683181
0.0321380047133
0.00229388942598
6.83085651026e-05
1.56982392143e-05
0.988931115292
4.57604973363e-08
0.0352863360751
0.0155789596758
0.000853552808328
0.0356373377617
0.922634047826
0.341150504063
0.997700180785
0.354938550036
1.57225560961e-05
0.00336651336928
0.97512031379
0.000933661020226
0.00492875307221
1.73017749777e-10
0.0218126685596
0.000456940047836
0.666880332834
0.000272394182684
4.64000178138e-06
6.39186974302e-08
0.91724389611
3.84839749533e-09
0.999999999861
0.533797217919
0.000934826623317
0.00221035728106
5.63081152539e-05
4.92078118204e-05
7.1091215727e-06
0.000500052638769
0.347045863484
0.948498545709
0.000216374597321
1.56130073835e-11
0.0355649168889
0.971819163943
0.000151291174688
0.000190221577159
0.000106356074377
0.268605877898
2.44072275348e-08
0.47005179587
0.017544129089
0.897349850186
0.999392299573
0.0548422786366
5.22049248885e-09
7.80961414792e-06
0.619806933287
7.89783174046e-08
3.38807727431e-07
0.000618958642056
0.00492429086376
6.57061717215e-07
0.310906428708
0.222679942581
3.05842222675e-08
0.998977890306
0.000680237355452
0.000168763522438
0.998130243438
0.774283200577
6.44092055579e-10
7.0720656153e-06
0.415761207446
0.998678261958
1.74631013705e-07
6.91645678441e-06
0.0636249246892
0.924187676063
0.579452729871
5.26763585769e-12
5.06290305811e-06
0.000499386841004
0.973335958664
3.98018695203e-07
0.999999999999
0.000135987388358
0.794147141775
0.00147923097401
0.00666409950599
3.79229985356e-05
3.8156800671e-05
0.0344961357696
0.00351705738254
0.00121681404324
0.000101264431849
4.1901446225e-10
1.08817428962e-05
4.83554792011e-08
1.97603263616e-07
2.07569164626e-16
0.997501518288
0.000850968129553
0.999997220658
1.85726936185e-06
0.744652030662
0.00789799333472
0.943525357474
1.40806375932e-05
0.371406639111
0.00755255954968
5.58368378868e-05
1.87646759726e-06
2.20592218955e-06
1.9840316853e-09
1.57079310214e-10
0.846856661772
0.000254734330404
0.182332697832
0.55858165238
0.993595437054
1.35768472124e-07
0.0150425310122
0.312363512178
0.677804494256
0.0798440894689
2.70416884949e-11
6.1241601897e-06
0.00490134194261
0.000461177275033
6.55604821414e-13
0.00516993441558
5.0075065336e-08
0.999818627166
0.0176692586557
0.00275035133667
1.29296974493e-06
3.9775257424e-05
0.902080666623
0.999999997101
0.845357351885
0.0172746125205
6.48158720697e-10
0.143018359317
0.0470071989108
0.998537599013
0.00638276254821
0.998424813418
0.269228347124
0.997928211869
1.38212036477e-06
9.55366996878e-06
0.925973276496
0.00321465525582
0.890232849777
0.999283015171
0.000185105914055
0.649214654557
2.00799105462e-05
0.000246068642626
1.93682801986e-08
0.0151702917308
6.31806278483e-06
0.326504340109
4.24178134904e-05
0.699506737558
0.00214090015794
8.62942511849e-06
5.99212912372e-05
0.992860112386
4.96848386399e-22
1.04321437266e-07
8.53083880127e-05
0.0222534338312
0.999999828527
0.133657072733
0.999724484365
9.94922968477e-05
0.0372717946077
3.78221934504e-05
0.000259583577519
0.00975646471538
0.00659015904351
0.267534193933
1.15938022192e-06
0.999960464289
0.961105534866
1.19327769421e-06
4.51021660289e-12
4.36304465163e-09
0.999912118636
0.0344859679075
3.47528743347e-10
0.999997257505
0.000967645309893
5.52471541672e-08
0.963732164812
0.00392098683907
0.00257436376166
8.90671950858e-09
0.185958578014
2.69867753214e-11
0.281343056853
4.34657669884e-08
1.97936794812e-06
0.0122245341673
0.00369400301952
0.000301223407699
0.00149764762256
0.0184737558709
0.896106049738
0.999951270232
2.58752652835e-07
0.052029777539
0.678084541643
6.79607541458e-05
0.314055336838
0.0100435704842
0.0115928547285
0.545529764404
0.000139572602623
8.67581615321e-05
0.357135722784
0.217602169682
0.232101828179
2.22393008969e-06
2.63596636065e-06
0.00345043341318
0.181193508641
0.0744552909936
0.000710508529302
2.64874343789e-05
0.0180183255276
0.683196290788
0.531893967376
0.898927431575
4.3353097448e-06
0.903144368729
4.30039503006e-11
0.998791778302
0.0295896553983
0.000155545288175
0.00292153549116
0.334927014594
0.989750916059
4.58985914565e-06
0.000506519278949
2.55121550604e-08
0.499300495599
6.57227077957e-05
0.00562299766533
0.999999950523
9.56348916258e-06
3.0113597726e-22
0.000799744248113
0.00470201434492
0.941058681804
0.785276366614
0.000577378662768
0.0171743166909
0.000358858765816
0.00141013076145
0.999998781113
0.00135908974563
0.960760098257
0.000122866692318
1.39806808362e-05
0.5617364914
5.08650196351e-07
9.20352777855e-05
0.0252291400396
3.53197355453e-10
0.055567895822
0.000421756217063
1.11134480539e-07
0.00012657149027
0.783815595975
0.0364259170386
0.201061344288
7.38341200584e-05
0.00196481801156
7.9913700894e-05
0.00199935694193
0.00632727937873
0.00398458737263
8.53266527789e-05
0.000253866286638
1.79629588031e-05
2.30329604101e-05
0.00198310381009
0.000207136581605
8.5160901446e-05
0.00147974473841
0.0639085746777
0.000213647658294
5.79022130452e-05
0.00149637618603
5.2585215132e-06
0.00517902879555
2.77868749834e-05
0.377210485473
1.0783350643e-05
0.975995527998
0.928948070293
0.191238053823
0.000120571360771
0.0125918983643
2.44617503185e-09
0.999965303937
0.967177946815
0.999999999972
1.52456174775e-06
5.19137068995e-09
0.0064412602995
3.52381586573e-08
9.04292129365e-08
0.77495567123
4.43035173193e-05
0.999997564967
0.00723138611795
1.51822850222e-06
0.00178011024936
0.894335741581
0.511583975012
4.73880805249e-07
0.10101295931
0.00171698758784
0.000744888655535
0.114632394453
4.63709054848e-06
0.673821709233
0.000309832150546
0.000438027665241
4.88017715005e-06
0.0377840867927
0.0396557799314
0.00185459598307
5.60775267948e-07
0.000152696220481
0.518501742545
6.61895766751e-06
0.143872462847
9.6167616086e-05
0.000170545014058
0.0170703604209
0.00487735222554
0.969911155834
0.091464783461
0.000321333502944
0.0644607737856
0.198811229132
0.00621851476657
0.00249933803497
0.0184321548264
0.2293635188
0.750702948446
0.516383694655
0.000244467597536
0.0871903681406
0.947446913536
0.0132123345242
0.000146339622629
0.00178834388031
4.60973339101e-06
0.95244396786
0.00750092605619
0.000957504006185
0.00994718421398
0.0221337382489
4.54528030618e-11
5.60739190349e-05
0.459552320585
0.591451101494
3.03865062269e-07
0.172360448796
0.00106639699004
0.233502649549
0.00165923354073
0.000451045680576
0.000493964895084
0.000362422306184
0.0886133028071
6.53782794608e-06
0.581666592235
0.43854003606
0.497738425302
0.584842193544
5.18392883491e-06
0.020010193482
2.37729274026e-05
0.757216024187
0.00207336327792
0.563366029266
0.300714199438
1.00261285207e-05
0.00360224252852
0.00341280488469
0.0114896429829
0.089619699643
0.0157960400646
0.0182280931024
4.27387182748e-05
0.676015854002
0.946731605052
0.00559884403854
0.0144761393859
2.91398519098e-10
0.985086222512
8.5295436191e-05
0.00449993450523
9.51839882483e-06
0.998141870638
2.26002149621e-08
0.000158908719678
0.995823478503
7.220695624e-09
0.452314473847
0.28194703432
0.00762423486712
0.019263513534
9.72884141898e-05
3.89108960905e-05
0.00788266596111
6.77876406606e-08
0.00464029325935
0.0127062833987
9.6984595789e-07
0.026116004184
1.00257408944e-05
0.000105928032164
0.000625099746381
0.000329877591758
0.0186658900623
0.00192444408987
0.0165848251467
0.312239449234
0.180474267224
0.000536127809775
0.0393831079542
0.00245075197962
0.000122162748631
0.999879426929
0.050959948215
0.000765821801221
0.988592413515
0.99995303605
8.6868640825e-11
0.766414617307
0.681329932692
1.8034768824e-05
6.26062911153e-06
0.999999144694
1.59754840771e-08
0.000626887107253
2.32363621752e-06
4.68827558371e-05
0.0356327535119
0.872464117453
0.729031557008
0.000134346055816
0.907563933211
0.999481582121
3.35725269279e-07
0.0132791447088
0.783405309426
3.84159737127e-05
0.00468394026866
3.74210690543e-09
1.78158116189e-05
0.999999752792
0.0436234090454
9.44103918259e-05
0.0416111341635
1.27326224132e-06
0.000223580252233
0.0016356666829
3.42581151857e-06
0.00274790569183
0.0925881726281
1.72089722168e-09
0.996847524038
0.0416358989281
0.045358668377
0.999993229756
0.00535094184969
0.999936230506
1.73357391126e-08
1.28237284597e-10
0.000210993516621
0.996362143868
0.989717403832
0.12747990252
0.0227828402431
2.94028271e-11
0.00907884902259
3.61619507589e-09
1.31915011467e-07
5.10768879667e-07
0.0532986325853
0.999999988875
0.00194703373255
0.1278121693
0.198907708094
1.17044873027e-10
0.0193786629693
1.89473692322e-06
0.946664255466
0.157432939879
0.00320353115343
0.0500213908082
0.0322006490932
8.20164234921e-05
0.000180735996261
0.000228962900588
0.665765878563
0.00278221939214
0.0519883499173
3.72920019072e-05
2.55973880898e-06
0.00368435408479
7.97038723643e-05
0.0140347916088
0.876221074366
0.00730316862272
0.135828357956
2.08041560745e-05
0.0254020729701
3.34934172251e-06
0.979532594109
0.524196711085
0.2312414074
0.00197476607334
0.998418886229
0.000597776741352
1.91471600056e-05
3.77726523656e-12
0.0187401363261
0.07481644358
8.26376467562e-09
0.999973124681
3.46228724734e-06
0.999999915663
8.7300636324e-08
0.00055644562291
0.00280043126966
2.21817124597e-06
0.307472021105
8.83770640165e-06
0.878488043378
0.0624013127762
3.65864935385e-06
0.366079643923
0.464135081077
0.983158479754
0.0431740995367
1.09105322698e-05
1.00063307622e-07
2.19626778045e-05
0.818409054044
3.95301093359e-07
0.0247239473967
0.00875500237068
0.0715285047139
0.000103107735799
0.00281006862518
5.39538247821e-06
0.99776507843
0.795503877689
0.000507796577461
1.50297905295e-05
0.00336796917528
0.00717117623101
0.284809990253
1.15010939963e-05
2.33975255801e-06
1.1910231022e-05
0.0206496592861
2.76991010989e-06
0.987262071276
3.28398393279e-06
0.999665170928
0.982375530317
0.991532646306
0.0365016050375
0.00468081318254
2.27975470189e-06
0.00022084332038
7.73930025896e-07
0.999999938387
0.000101807157332
0.10125130638
1.73485452665e-05
0.999998229869
1.90048130013e-07
8.44867314334e-07
0.0275577995783
5.78531306655e-10
0.993196751712
0.000416806355658
0.00195131569569
0.218240128464
5.67874610336e-13
0.363297438696
0.00699095265394
0.897914371131
0.00117010178022
0.961216540476
0.243960611409
1.01222047929e-05
1.77478562544e-07
0.0471420714642
5.53938628083e-05
0.00475200886789
0.999998706509
0.000604999021358
7.70845227925e-09
0.000362166852313
0.243585953716
0.980285932232
0.480801220568
9.03772993248e-06
0.999999999343
0.0280282257258
0.000522479731406
0.0163959709362
0.000872614813965
0.0286226313224
0.00421595632091
0.0179711818426
0.182800825442
6.24970113906e-12
0.0622725949771
2.21637019762e-08
2.17765736328e-07
3.61921810065e-07
0.000410748625093
0.00162704274245
0.000789869643674
0.993923857262
0.942631929915
2.63468397743e-05
0.00123560566451
1.02884847749e-06
0.0115527691381
0.00743514041618
6.37993840219e-05
0.00522694663186
0.0172706698729
0.00260581252665
0.000738068923792
0.000369221188351
2.77114471813e-06
2.10266705706e-05
8.1585277592e-05
2.6513013837e-05
2.93639522706e-05
2.43513667942e-05
0.00168762082134
0.000265775819912
0.0325884084844
0.99581831621
0.00597799315213
0.619468380569
1.84474546169e-06
6.11834307021e-07
4.49552678719e-09
1.82822730211e-07
1.36133133209e-05
0.153944137341
1.00092520523e-05
0.137949180428
2.08253217801e-05
0.444202139492
0.999797123362
0.445965338759
5.52660633968e-08
1.31601939732e-05
1.79660243204e-08
0.999999154646
0.256753557821
0.000165360799072
0.00216077181548
0.0599309809417
7.51404466372e-09
0.801795055444
0.113524448174
1.43524779534e-07
0.0312680500487
0.351472163155
0.987273681571
3.58698860447e-07
0.00317770384468
0.0015522376085
0.979498524899
0.0283218147211
0.382121424207
0.00305536188327
0.117101843131
0.186520071524
2.24114291524e-07
0.999958652149
0.329923582492
0.00196682880363
6.8833479581e-08
0.00203756432231
0.0540111398516
1.30571340962e-06
7.62092889648e-05
0.00100501730668
3.41012089708e-07
0.000112524698807
0.999977296389
0.917986837418
3.31177500472e-06
5.43595176754e-08
0.000315738017863
5.67612877964e-05
0.989113341802
0.989696058711
0.0382765929821
0.109265653669
0.0774963545962
0.999307525699
0.014339828224
0.000342460021742
6.26600428607e-07
0.793679758483
0.000142551193262
0.00241028233816
0.999827950245
0.997600966576
0.00572229033736
0.0100361898941
0.0169438099984
1.08084299078e-10
0.999991294653
7.22427668926e-08
0.0049795404581
0.00953987932071
2.91417199585e-05
0.0631048787589
0.999610031039
0.000123980301236
0.931241185023
0.0188098213007
3.86615916664e-06
2.20346818218e-08
0.567085233289
5.10067222971e-06
7.21061326022e-08
0.0258076864113
2.95178101501e-06
0.18811750506
1.67300642582e-05
0.000248655287521
1.00714654604e-13
1.10063824438e-09
0.537360789597
0.117443948188
6.1124729501e-10
0.994777135737
1.42148173438e-06
0.0806252064055
0.120716529106
0.999998613922
6.91578438516e-08
0.457645355271
4.52258694088e-08
0.99882030453
1.12331445436e-05
4.4729418425e-07
1.18015826549e-06
1.16476517039e-06
0.000413405246873
4.17163534269e-06
0.000119182741761
4.56274884702e-09
0.817950154327
0.298458128824
0.750531362415
0.0363157546233
0.000148195730109
0.997862099132
0.00143835709424
0.0460153275298
2.40848981035e-10
0.00480741307437
0.138133109318
0.997665187687
0.309981040333
5.90667027021e-06
3.25854892662e-05
2.72253728622e-07
0.00728744701062
0.990688123152
0.0136572904153
1.75323721909e-06
6.32692145121e-11
1.02721787455e-06
2.1871492712e-10
0.0037362235734
1.6208939222e-05
6.97392604505e-07
0.0346325741642
0.0082642386289
0.000102297556596
3.27190499094e-05
5.97612823049e-06
3.95803943122e-06
0.64654088862
0.92577888442
0.00234107805857
0.000370668835661
6.1091764852e-06
0.972785585488
1.57967298586e-05
0.993603964037
0.987620354796
2.12577849233e-08
5.1536316607e-13
0.0279995950314
1.2627847605e-05
6.50264603375e-05
0.000903480247987
4.83181946132e-11
0.999871962066
2.26997267621e-05
0.061423573743
2.34737096327e-05
5.72957724194e-06
3.01765187796e-05
0.0479526421806
0.997909229816
0.0394968015459
0.0001494113274
0.0013801284422
0.000215567014466
0.00107755696818
0.00890538063355
1.24944422905e-06
0.348325538596
0.0120188782464
7.11532923797e-09
0.040487983204
2.42184180961e-08
0.738657466789
0.105847055343
1.87839063866e-07
0.999498701436
1.91100276213e-07
0.0688742173768
0.000653193587958
0.99972991434
1.25059394709e-07
0.978363279666
0.847979886972
0.00216804781403
1.59753881466e-05
0.000991045521891
6.05564304457e-06
8.60637700595e-05
0.000583532399731
0.00516963780554
0.0206188930585
0.0550955754036
5.16355914961e-09
0.00643002636861
0.000312910345414
4.61732125263e-05
0.000133785081493
0.990574605932
0.999743109227
1.37345353567e-06
3.47626097273e-11
7.78267993301e-05
0.0918695859278
0.993054189672
0.0244819568656
7.05203908959e-05
0.0132679747963
0.00344981012378
1.83878941214e-10
6.57813459673e-10
0.00454023693563
0.00102789874959
0.298406801028
1.09060917059e-10
0.0296846943591
2.94992692584e-05
0.998353163211
0.0298990746505
0.00125230963251
0.533235253797
0.0024514049455
0.00478741933761
1.57433946199e-15
1.64315033863e-08
1.06231535992e-05
1.35422917543e-10
0.166955478238
0.000186728989446
0.0609738556154
0.000863115622665
5.17320416952e-07
2.95294163784e-05
0.297083046815
0.999827898927
0.342872646907
0.00161278901281
0.273624366151
0.0139925738725
0.0915176433001
0.000135836734566
9.42434815977e-08
0.000584283668273
2.47644689055e-07
0.470660723769
0.000263964666762
0.00434596636871
0.000186894592959
0.0995790098442
8.1873341543e-07
4.91690568029e-05
0.999872245743
0.00245698751741
4.6544983631e-09
0.00703480772363
1.55275744505e-06
5.83864808891e-05
0.00810381007117
0.999483504511
9.60999626445e-08
7.76700136434e-06
6.21677877862e-13
0.016557052425
0.00262371410363
0.00781282103645
0.0721719262208
0.000607381006561
0.0408461505261
5.64247055312e-08
6.10171457236e-08
2.82844758771e-08
0.0154624322455
5.48122854092e-07
0.981025608762
0.00733836151849
2.63385321424e-07
0.000213055782272
0.00106562418982
0.609904511313
0.302546657227
0.0319167863578
0.63311375839
0.000650994376504
0.998544881734
0.191238053823
0.014670160593
5.15662492588e-08
0.992647036885
1.45745591044e-10
0.0012352068535
6.65299330234e-06
0.00033002785674
0.000792051172115
0.000582143671378
0.00268785820946
7.725618862e-07
4.26643692439e-05
4.36427063865e-05
0.00307046830446
0.0379636034118
0.01796539386
6.8028169339e-09
0.00574661095453
0.999900067841
4.88509100806e-08
0.965082260279
0.0180167331575
0.000199720893441
0.0182096336621
6.26993933311e-05
0.155167778962
0.70502304405
1.42787522112e-12
0.00342482706366
0.0343032021719
0.0089793422404
0.0157753316549
2.0499022814e-05
0.999867752582
4.44645169378e-07
0.0227122348234
0.000427473749819
0.394597466771
0.0178582938725
2.87613265339e-07
2.20661003723e-05
0.637140233652
3.76985919332e-10
0.0299429073829
3.0655322862e-05
1.37088971442e-07
0.000132700276819
9.33487052116e-07
0.592409028931
0.000104182089158
0.042192303197
0.854999880417
0.000123423990893
0.508084420913
0.817227394515
0.000439936731284
5.17015091608e-09
0.000270290851768
0.964240229137
0.000136019482901
0.999945548126
8.76722719639e-07
0.999999934704
0.0142927865184
0.999983957213
0.999994975563
0.000540336898248
2.70871583259e-08
0.545646839921
9.43276188216e-06
0.00100874409819
0.0404738451192
0.917305353356
0.0863465670891
0.0274081429638
2.52395859897e-06
0.0331007408965
0.0260197938787
0.0231196813667
9.55107774643e-07
2.05271588404e-05
0.969264069971
0.115592901631
0.413771280641
0.0465879652593
0.997159005402
0.693248129506
0.999865800282
0.0221497643741
1.43796617554e-05
0.296585414334
0.027678038927
0.0377148575176
0.384306869046
0.0421375602615
1.56435219722e-08
0.00322264156989
0.162547886322
0.999999986778
0.00313574980941
9.29843613352e-12
0.999928200564
5.92367387692e-06
5.66191384687e-08
3.46398990457e-08
0.188741307541
5.60818269811e-06
0.000168885917309
7.73799098825e-08
3.37056448168e-10
0.999996442579
0.994965375211
5.12915948982e-07
8.18855124415e-07
1.72740451164e-08
0.163369042469
0.000689841863148
0.00580121508124
0.000543770809684
0.000731720364247
2.06014138876e-06
0.704809419628
0.0017138001464
0.216739644866
0.489621989309
0.0412350526677
1.6157171693e-06
0.00314483562501
0.893095400722
0.99863487268
0.725042310724
0.114873594895
0.0070227674825
0.000775423040694
0.0149999619808
0.000481436660274
0.131913716086
6.960345465e-06
0.000612987706275
7.7245440704e-11
5.32512559764e-09
0.0103660561909
2.22772721922e-08
0.492814452233
0.0336314929822
0.0290077605611
0.000915579966328
0.000151564926925
0.678932458939
5.1880247443e-09
0.00284963050805
0.98937029183
0.176320038499
1.16006890285e-05
0.000227126193205
0.996138546659
0.000118301406908
6.25181962851e-18
3.03315907377e-05
0.00504815292459
3.37099551753e-08
2.03245178208e-05
0.010104570508
0.636926471634
0.000485311911643
0.00012697798258
0.000192952650313
0.00565154573812
0.00234659845668
0.019223909788
0.00264818871548
0.00622861364439
0.999941420268
4.38407680158e-09
2.25291671973e-06
0.00132856991312
0.000181334524399
0.00160404489031
0.00102385394044
0.0853515266007
0.538704616093
0.488716495731
3.92347549078e-05
0.951272058846
5.72800617771e-07
1.21907048944e-05
0.000633484085592
0.161305957435
7.8205860342e-07
0.9741175481
0.0805591594229
1.17916447922e-08
7.99054398433e-05
0.000448695745431
0.858556198748
0.00122988803992
1.80381391623e-08
0.999998201501
0.760995918522
7.84815494246e-09
0.000505399820952
0.392848936804
0.00027434123527
0.485090257019
0.00437819307701
0.999994324114
2.89871489224e-06
0.0263716785711
1.31371737392e-10
0.103554297983
1.54979412806e-06
5.29120746862e-08
0.000530938842517
2.22040180318e-09
8.54184973757e-11
0.000210282097341
0.000556200826918
0.961138758042
0.872181938999
4.08479750852e-06
3.59838044757e-08
0.442772141074
5.21008938082e-07
7.17976601477e-06
0.292397811098
0.000133350545348
0.00289634079126
0.00149709206086
8.40310032784e-06
0.997385377941
3.92589111684e-05
0.661424333848
7.67903441611e-21
8.48032795239e-05
1.62447904252e-06
3.2143850168e-06
0.000380596150002
0.000617655938468
2.82745036701e-06
0.00240806313798
0.00334528806183
2.9440649425e-08
1.74901283942e-08
0.003254918168
0.450617978461
0.297556033088
0.000895529796293
0.0077772928566
9.48626487319e-08
0.00471866516763
0.204654093096
4.16860777665e-09
1.2512065511e-09
9.96411273156e-06
0.0456055539688
2.23274148903e-05
0.0812118469595
0.0118810889962
8.30701655078e-13
1.29212104075e-07
0.0368344211796
6.44224077605e-08
0.2305630148
0.0665622515167
0.120377056491
0.974032250177
0.0234649576681
0.948746649535
0.00253480845774
0.00836430381055
5.39449574569e-05
0.640985640974
0.0919130493126
4.10120078253e-05
0.999999640355
2.57595487461e-07
0.0152580737091
4.40321662339e-07
0.0183950329723
1.85726936185e-06
0.612785607635
0.90515067307
0.997003256935
0.00127243180596
7.5741674099e-05
4.57278629836e-05
0.0142524396078
4.99307768945e-06
0.123920610399
0.145480237403
0.000272513257967
0.000805577135109
1.62038796133e-10
0.000260219728361
5.62056637799e-07
6.91622778323e-07
0.206673938848
0.000182002254803
7.42091705039e-09
0.718420232976
0.274544900038
0.000135815981235
0.000383683632149
6.41166270968e-08
0.000610800910401
0.000185448407233
7.89030677612e-08
4.13167165264e-08
0.738961804204
0.00982207607716
0.000398953108077
0.0527578441536
0.0162072252048
0.812124661572
0.650870978666
0.287638291231
0.629616743917
3.3355696259e-05
4.91001785414e-05
0.147504602745
0.996981791145
0.00322302159061
0.332365850367
0.45008989967
0.350899482964
0.03994642776
2.94471330356e-05
0.00223071553203
0.525372146293
0.937302525528
0.996959045871
0.94987913479
0.883720234704
0.999744083629
2.8145007868e-06
0.999627976599
2.97503140734e-06
0.0143924424215
2.00967826662e-05
0.00576387614838
0.0294969575948
0.048249290581
0.973392192451
0.475912828059
0.00564230557334
2.06797926452e-09
0.000919493896363
1.3509917448e-06
0.000403788048744
0.993606870051
1.32668266408e-05
3.65736352787e-06
0.852386074153
2.91459531734e-07
0.999780930493
0.00910259649836
5.36040388112e-14
0.084906999883
0.974989960278
0.984547109107
0.0105593938999
0.343138990688
0.0201621535951
0.309305074986
0.00180815389781
9.07045981497e-05
2.0523388104e-07
0.996264500589
0.799870754027
0.988852236563
0.00644287944713
0.0044525377175
0.595450906287
6.90834828531e-09
0.112932194602
4.72683191441e-05
0.287945231794
1.66828648226e-07
3.16815721843e-08
2.28170213807e-06
0.000314400411195
0.990546044104
9.62552959457e-09
0.00686639606192
0.000197884270668
0.00317099620124
0.968949931081
0.997711833139
0.999999778037
0.289680292413
0.87946907342
0.00632727937873
0.595136953872
3.11406469267e-06
0.110969374071
1.00611817593e-05
2.24806393211e-10
0.00109198818852
0.0956281498984
0.81202913163
0.575163795141
2.57470341019e-05
0.000978829448196
0.00759100857261
0.273649192722
4.40544869941e-06
9.19624511219e-07
0.000805444080973
1.39215431836e-10
5.63880835284e-12
0.224246323956
0.994834839916
0.00737472048404
1.64274013665e-08
0.00178594503669
3.67652536071e-09
0.00649898258794
0.473737902801
0.344213326088
0.000179528016999
8.91831444116e-06
0.984885055908
0.0519366509974
0.026430038538
0.0183665755095
1.28237284597e-10
1.77310596889e-05
0.275292208906
9.43665651e-05
0.0215615684462
0.000110070195208
3.78684238041e-08
0.0400686472637
0.633789975406
0.0599316100349
2.8579628052e-09
0.999955927401
0.630715508677
0.527459341016
0.0272417470238
3.10343778424e-11
6.66731665252e-05
0.0033939371096
5.99117588809e-05
1.95467646561e-05
0.00426225453939
0.503655539545
1.40012430913e-07
0.0251465372704
0.996226367545
0.0322753550035
0.995489864195
0.00421886697327
0.96744833124
0.0033032303201
0.00339200712112
0.984347851701
2.49993916224e-05
0.994095585393
0.0276975102992
0.0567443403678
0.000345699960353
0.958453193548
6.4792296077e-12
4.45500550849e-05
3.65259190186e-05
8.71296199177e-05
3.38726622945e-09
0.858318222888
0.999964977546
0.430289346937
0.355255999268
0.0534705604113
5.52833087974e-06
0.000599437979218
0.00491683137012
3.84029814763e-05
1.67464187867e-23
0.999999904297
0.0105213373082
0.982071698552
0.838280411032
0.27872923246
0.00951957071136
0.000212041995805
0.943612750768
0.000790498091401
0.0998737204072
3.96979034585e-08
0.000163552463446
6.73178983828e-08
0.0335840190604
0.746849115508
7.04842940785e-07
0.991781040418
0.267197838216
2.14366394741e-06
1.58837557361e-10
0.77385631577
0.000727494759174
1.61641664479e-06
0.0140374522096
0.00188292606365
0.382282170194
0.0252677330966
0.987117083026
0.00469333551672
0.852350939152
4.16224893941e-07
0.0063135729675
0.0253563952589
0.99999300824
0.25556988167
0.994590587792
0.302786755341
0.998652340542
6.05684811373e-06
0.964139928592
0.163927491511
0.703036329445
0.00449856744024
0.000140082286622
0.999572206595
0.120777988916
0.0198270674472
3.60222313175e-05
0.372913243574
0.307300997717
0.000286271245254
0.0476459925389
0.000275752122066
1.41127377562e-05
0.0744611839679
0.560853753065
2.52765762267e-05
0.991236203813
8.50154958682e-06
4.57953929314e-10
0.851175173238
0.981009062067
0.00430995976479
9.52012205308e-05
5.1151308037e-11
3.80633317039e-06
0.000229559073481
0.00685668003766
2.92827880145e-11
0.0042833116292
0.00337054107118
0.414056022468
0.0460212334583
0.184740266292
0.988141552194
0.00120298529125
7.59363507792e-12
0.0526177314638
5.13279595315e-05
0.308668984297
5.96277804817e-06
0.000248194709882
0.0433077208371
0.955758205971
0.999994770815
2.71945873676e-12
0.971868052191
0.00278389339848
1.30034564646e-07
2.61004142597e-11
3.49927691672e-07
0.0102976632737
6.471269638e-17
0.0227761294593
0.971630699651
0.0161124990542
0.29631836062
0.961551840216
5.64219777409e-05
0.00164726253896
0.475352255979
0.998665819633
0.00274844358115
0.000239352946335
0.784515465947
0.839313858413
0.999218938221
0.000381880973175
0.0572008257638
0.0534428596189
2.67578140969e-10
0.495992074571
9.05587324232e-07
0.000162900134426
0.140554591009
2.25021768739e-08
0.000444366544318
1.69503196144e-07
0.905486585772
9.08125500946e-05
0.0524757379104
0.641413188362
1.22979774547e-07
3.44219449276e-12
0.00432246070213
0.280909617561
0.972093988844
0.0393333136996
0.071764028367
0.99999999555
0.042862630808
8.77405814972e-07
0.000202012094683
0.00703179937577
0.999971338744
0.573497735145
0.00143824470684
1.99215360729e-11
0.00243150751399
0.000128854121095
3.54878494823e-06
0.0429864169647
9.41144183389e-06
0.0287809614776
3.67773386229e-07
0.000349405551267
4.4076244384e-05
0.137172226046
8.6796469519e-05
0.000695454672765
0.0156598674304
2.33942357675e-10
3.02716247277e-11
5.24396261868e-06
2.42080395146e-05
1.06319557852e-07
9.23457263937e-06
0.00169288312997
0.322211486847
0.796878963714
8.88420155356e-07
0.00544760945893
0.751932556111
0.392249999216
0.00978630507937
0.99932589951
0.0365694912431
6.9311980511e-05
0.994590587792
0.000357436921122
4.32537928446e-19
0.999737610359
0.954273008637
0.9169171961
8.2187611925e-08
3.24130819279e-07
0.0124052378102
5.71942912879e-08
3.65667071377e-14
0.0193213456924
0.984775232782
0.0352863360751
6.19477364914e-07
0.994886492849
1.22307874931e-07
0.220029692712
0.0260601926104
0.000268015323547
0.00746059342043
0.000307572632922
2.3683777953e-08
0.13300884633
0.385936779279
0.0560981034712
0.000129313150399
1.83082461534e-05
5.34821618284e-08
0.0049423869994
0.0132443470944
0.996288258994
0.00770886142269
2.33285510471e-11
0.00159387943052
7.61239124769e-07
1.11717535969e-07
0.00101239682989
0.212347202717
1.35244509475e-08
0.999999419311
1.14697893077e-06
0.325924244587
0.0294704366375
2.40602672282e-05
6.19894736893e-12
0.998817068227
4.96517914976e-05
0.000651005734256
0.000355849548716
0.0855014390914
0.472792211653
0.0111044830234
0.999802652566
3.21504427379e-09
2.79925853339e-05
2.54595572099e-06
1.20821903447e-06
0.000559477022154
0.000118845022993
4.38379220479e-11
0.385958306877
4.10629391714e-05
1.36053247953e-10
0.169587757666
0.00381415412365
0.00549121278028
0.00378426641079
0.023446387384
0.801254146628
0.27510820924
0.647251111603
0.00109590328034
9.35504372175e-09
5.16197212594e-05
0.978031307402
0.994657381795
1.47794149475e-06
0.0295692447177
0.600277520005
0.365898335209
0.0728315731602
0.724477277296
0.0644825261789
1.57232629991e-07
0.99999906306
0.000148214480801
0.0329901808315
0.000166226331869
0.00310425127221
5.47647143504e-09
5.72293541148e-07
0.00126704015087
0.094345533852
0.0997756456961
6.59603312629e-08
0.000207845093128
4.5672874049e-06
4.90763102119e-05
0.886742231323
0.00272480045622
7.53179566921e-06
0.975418192462
0.000746693126361
0.808153912811
0.0217602158463
0.0325314998818
0.0485019669672
0.000116182335193
0.263051654276
0.000309095206807
0.99961294464
4.01137899622e-08
0.00014956129933
0.818712438826
0.000993286891769
6.44807326219e-05
0.0330438365598
9.67534690964e-09
5.31703053553e-07
7.44803085976e-06
0.0018062344533
0.0641209946723
0.00052007081892
4.87925818383e-11
0.00176822673507
0.00395798572535
0.00389225742216
0.00273694501407
4.54507484685e-06
2.97162060468e-06
0.000163427141806
0.000610067547618
0.67454838084
0.958273818481
0.299338270226
0.0125090630309
0.00206448983577
3.13832296247e-08
0.00873277023135
0.999999994614
9.14109302887e-06
0.9958929224
4.80709796811e-11
0.984340027568
9.45335274775e-05
1.54193004575e-05
0.149057764309
1.41502840476e-06
2.64190947596e-05
0.0287570266075
0.26137607374
0.0428373596975
6.88985592047e-07
0.000225470158766
0.000519680018258
1.17361582074e-17
1.52212252131e-07
0.00180836447647
9.77417472715e-05
0.264097804216
1.93505208902e-09
0.00212069657923
0.000203026329841
0.0081526033658
1.717716049e-07
0.0652454749395
0.21782395009
1.93188754647e-05
9.5846587006e-08
0.00174329007826
0.0197959625222
4.4281067114e-07
0.00719414581791
0.00111389869541
5.55271000257e-07
0.99998045228
0.00147942480252
2.33460462067e-15
6.1124729501e-10
6.48674653546e-05
0.0169625861737
1.57228473178e-06
0.000230269197204
0.153094615231
2.10738297778e-08
0.993104386093
0.109391057095
0.000877965723377
0.00744412205857
0.00202714445554
8.81369844125e-10
0.999999088866
0.0229601390002
0.999999999991
0.00596061651422
0.485886843102
0.00392616720517
0.426928172413
4.20676656717e-07
9.9820963694e-05
1.55428047613e-14
0.055090888967
0.000170303519114
0.955230037751
0.936239935063
0.0104393092073
0.971734886139
0.00682261227719
0.0324961238666
0.001573649868
0.661439495818
5.15316513388e-06
1.28464890223e-07
1.27255603574e-05
0.975452884244
0.000237779719015
0.179309330782
0.000100425733893
0.00154184504626
5.12268864608e-05
0.00147427087171
0.000642402441697
3.91383034987e-07
0.165653425161
0.999999488668
0.00215458761516
0.020437380345
0.000517995479409
0.0203278196079
1.89284382044e-05
3.17303096349e-05
1.8534614766e-05
0.0138182005688
7.82036237151e-15
0.0577648375503
0.942136825345
1.59624775808e-08
0.262717422743
7.72322474471e-05
0.999786535639
3.6167962827e-11
0.0014143980058
4.32555902178e-05
0.374541382516
0.0356974067765
0.0116881294712
0.00082129406277
1.14932199241e-08
1.47302251446e-24
0.000148296880141
0.000368018205512
0.000447401538518
0.00392909757765
0.997777114205
0.0193101747072
0.936060914628
0.000702329935383
0.0317539477358
0.266981648687
0.00088682845831
0.158043050565
2.01315941465e-05
0.999987224279
2.78973173611e-07
1.41417358138e-05
0.00225720393512
0.346034807936
0.50448374793
0.000424489239512
3.70596882581e-12
0.024455040308
2.84110452597e-08
0.0485191274432
0.000191347998595
0.999999991566
0.938104114299
0.11903330805
0.999870479758
0.0137096457772
2.74813660916e-10
0.135119449379
0.000580792898429
1.6932202491e-05
1.0267679821e-07
0.00203839036629
0.000535557344606
1.95250203899e-07
0.183349716686
4.75517399431e-19
0.003155517238
2.57381244893e-05
0.202547775158
0.159009771746
0.42398017498
7.55723596159e-07
3.46273161688e-08
0.846295234519
9.63387643892e-13
1.36584221252e-06
0.0117407591567
0.999936399775
0.000136587515013
1.80403924563e-13
0.995015905423
0.994743259434
0.000177014729275
0.99999638246
1.6122398057e-05
2.34867110575e-06
0.00269187298264
0.1873398095
0.0463535764495
0.626993198986
6.77174589971e-05
0.00253761374304
9.51931581049e-08
0.999999995361
0.00274175047567
4.52993187277e-05
0.000534794337557
6.66588455173e-05
0.000120221691528
4.72663865014e-05
0.118415743424
4.272451232e-05
0.467182546243
0.938867506001
0.538770276614
2.27750074539e-06
0.658535283494
0.00986518015778
6.03459623728e-06
0.395688214294
0.00567345244092
2.76420193478e-07
1.98052219413e-07
0.000349363366135
0.706698182893
0.0220659634692
0.340191647017
0.0259170861687
0.00314269289781
7.84500841869e-07
0.596408973597
1.21232760315e-05
6.46058700057e-05
3.09456206996e-08
0.00249279838373
4.51778183634e-05
5.27814138692e-09
0.000751183308922
0.0435812663683
7.15067500874e-06
0.000190617423644
0.00189776013959
9.66126938917e-06
0.000925805968157
0.000555201596532
0.0044948761213
0.0326951507347
6.43709010161e-06
0.321019560262
0.468659580387
0.830247720786
0.00424356875715
0.137673046851
0.000914452169573
0.971008467613
0.191057687944
0.999966744626
8.5877807609e-05
0.138696614825
5.837041529e-09
4.13969033299e-05
0.0516951863391
0.217508477497
0.00104786273637
6.33317108234e-06
0.188400441036
8.06266187746e-06
0.104369224033
0.319192717319
0.0243489645449
0.256516892668
7.33223376279e-08
4.59829055999e-05
0.999999829469
0.00158173036509
0.99999030592
0.000669678415112
5.91503359274e-10
5.64126531334e-05
0.742272143196
6.83666880022e-05
4.10804586425e-07
0.297742119005
0.220221635195
0.016418444762
0.00693989493186
0.477171056139
0.999782393143
0.00383622244046
4.10529778656e-08
0.383507118238
0.00763384821166
0.135747110285
0.000213338908023
0.691168838933
4.48593731062e-06
0.0134152055879
0.77128080534
0.000468014711578
0.00286086264459
0.306449800749
0.0163285018544
0.000691006179331
0.00395530641873
0.942225069872
7.75379874527e-09
0.0420536690628
6.07983313377e-07
2.1037197372e-05
8.03609394978e-08
0.573255556309
0.00235616238553
0.999999987553
0.370817777487
9.37146229041e-06
0.0228233565253
1.50077541225e-08
0.066308608668
3.80105421397e-06
0.000216847808499
0.00282313090776
0.999999995656
0.513567354987
4.52203599598e-06
0.010737446404
0.0146260689577
0.999932906248
0.656786846857
0.992828236585
4.8562400739e-06
0.00607195253141
0.000330410735687
7.68037400059e-07
0.000591341263028
0.147557294684
1.62791268776e-05
2.9194817627e-08
1.22116573416e-12
0.764747206312
1.58581762329e-07
0.994992675067
0.0106108441143
0.0106251583754
0.999999999996
3.76586221975e-06
4.06715838827e-05
0.000800149417817
0.575500926636
0.997409750218
3.72036278441e-05
0.015288716178
7.9865587816e-06
0.00689612369095
0.000608778069493
0.0401264848604
3.10381130191e-08
0.00448725642067
0.857926739313
0.00119494786853
0.998112479542
0.99999846275
0.0878662586118
0.0208084977515
0.00236520286124
0.364785633686
2.14130945171e-05
9.06090489738e-05
0.933525126424
0.984597364138
0.0104236737621
0.000302295165223
0.0551578859732
0.00205383890886
0.944373444242
5.62004994425e-09
0.999568213403
0.686227195294
2.77877891305e-08
0.0109794514757
0.000148519267378
0.00184659758684
0.000344217984877
0.00258369268446
0.000341659013197
0.000211627504957
0.00128458036455
5.21660165099e-08
0.416840476568
4.40297616219e-07
0.00930670036436
0.00377461681212
0.00913183730457
0.000907953235806
2.82426640248e-05
0.00380605387824
8.91887930895e-06
0.999999135499
2.18348826291e-06
6.97372009921e-05
4.26501463652e-06
0.110449549337
0.000201575832699
1.25895531078e-05
2.17997273748e-07
1.17273713435e-07
0.999615837632
0.785945001702
0.000647452631626
0.003080190175
0.00314911172456
0.994213178394
2.62314840299e-07
0.996375194005
0.00772118674364
4.96709048841e-06
0.933863022401
1.98524932473e-06
2.17250619079e-05
0.9999987211
0.00757501350964
1.36564463228e-05
0.000255514187419
3.76737136167e-16
0.00302466616583
0.00121925654393
0.00270648367584
0.113152853436
3.85079442683e-05
0.0158122320802
4.60985873683e-10
0.0131192550354
1.04571879073e-05
0.998016596906
0.034909375284
0.0959679193429
0.00589436464572
0.00697889197746
0.00062659715097
6.01848351862e-05
0.0647580155825
8.28226423127e-06
4.6565842561e-07
8.52022031751e-06
0.0094640369744
0.0143506105153
0.999954072325
0.00018523244614
5.09339726509e-05
9.16556552896e-08
0.999943098305
0.0176920841856
0.999999459362
0.998288118875
0.965465867638
0.00270819990918
9.78723813615e-05
0.946115443514
1.45857005933e-06
8.32766971462e-11
3.99837721365e-05
0.000341964413686
0.375903869923
1.64534008833e-13
0.201211311231
0.000644932860357
0.000296069252983
0.00319543270763
2.0942498279e-05
5.03017465277e-08
0.0346568995424
0.00706949511246
0.0506207478426
0.00333176427815
0.0279290606202
0.749081710064
0.185174545439
0.994710224501
5.80935953477e-08
0.103392373876
1.45180729491e-07
0.00526046880166
0.00320107683343
0.000210880235077
1.46888982353e-06
0.000514662883198
0.00143072011708
0.127777599712
0.0166508072252
0.000769840510354
8.33903670304e-06
0.774652412435
0.906375367994
0.182730797045
0.999999483868
6.30202377375e-05
0.370720021333
0.000242926903015
0.810961195568
0.0911603553009
9.96385032552e-06
0.718412006823
0.198497891823
0.967853148739
0.314285668035
0.0328061377712
0.955527466903
2.07579590472e-05
0.000775423040694
0.867866129328
2.66215057082e-06
2.14740541814e-20
0.00111769669435
0.000225547779446
9.75719855666e-09
0.998725608701
0.00116724450741
5.59218789131e-07
0.00189873277513
0.0416545702406
0.604311266582
9.0487389062e-05
0.149591962129
0.0846410093565
4.81142156412e-05
0.000134812709147
1.54464910242e-06
7.1046514961e-08
9.05077409385e-07
0.987670860964
0.00954166037978
0.00107158238486
0.993623920323
0.0076312591948
0.0165725976126
2.70755042428e-26
0.0449557790819
0.00119959305336
5.92006457174e-05
1.9096818371e-05
0.00233539597982
1.1345407273e-05
0.00336056170907
3.29637190172e-06
0.999903501698
0.000111756747963
0.799220945688
0.0012427834088
0.00071702691471
0.450321817093
3.94953159979e-07
0.999985579979
0.000208547148615
0.00244936149602
0.889974130979
0.00486948317423
1.12532023141e-06
0.0338553986437
2.04930822837e-06
0.999635790249
0.0032172591921
0.000141371818204
2.83606737585e-05
0.0196893360555
0.560781640193
0.00102785040877
0.0879351837372
0.000166001418639
0.40251106229
0.000165273116017
1.41059399361e-07
0.386231328929
0.000210535814533
0.000145656263298
4.98368596931e-14
0.957971131775
0.00177369355446
0.626205663695
2.93575298338e-08
0.0381180209263
0.0823532967316
0.977236610483
1.82869739307e-10
7.04591274077e-09
0.462350639322
0.00425112988595
0.00743675813758
9.6294006943e-07
0.0226531254181
0.992592857923
1.39956561751e-06
0.000424857635287
1.99233191408e-05
0.0476418080968
0.000110329924686
0.0225060954557
0.0029833329578
0.641329212348
0.00545515808067
0.000683634613454
0.00303568088219
3.98086535569e-05
2.40003699753e-07
1.82536762735e-06
0.00559472341699
0.524340530647
0.998637495293
1.92032415361e-08
0.132357925803
0.903218917998
1.53516527154e-08
0.000479057365455
2.94948332984e-06
0.0182020292545
1.55113277392e-06
0.999995697283
0.0022963883199
7.80045912694e-08
5.69222503018e-20
0.998497681384
0.0201977606265
0.000945924198209
0.0365758991587
1.03806708871e-05
0.407447801094
0.0106891046621
0.0018037827558
9.88550910424e-07
6.42493828371e-05
0.329136521592
0.0026899567573
0.0065230637846
1.5084564533e-11
0.00225780068961
5.53240854796e-05
0.321019889132
2.46110168524e-06
0.52553319586
0.372054210859
0.79544001653
0.0304406247968
0.205476525683
4.88218234861e-06
0.000195550028027
0.0284880035308
0.00049554932563
0.0114719462193
6.0013971594e-06
0.9999914835
0.00983656385877
0.021676531715
0.110904961782
0.157312145758
0.0192354853542
0.00621985692842
4.6850957646e-07
0.994767124891
0.0158882817439
0.0407965660736
3.1604986783e-05
5.10058415028e-13
1.98546406709e-06
3.34474004021e-05
5.08223963089e-05
4.73733273577e-07
0.000126635189962
0.00903472220466
1.01784845066e-05
8.35084482912e-06
5.80424854525e-08
4.5511744777e-07
6.62943466213e-10
0.0130399945832
0.997238084675
0.995967284073
0.00414339633038
0.000636310476125
0.860780695477
0.20839379221
0.00171718578728
4.14918040836e-11
0.000453151326027
1.93605546109e-07
8.30926591025e-05
0.00018021007481
0.0033446756582
0.999999999982
4.30261527823e-17
0.333021226067
0.205435703594
0.00378762565669
0.083274000343
1.68796824581e-12
0.0256589032784
1.35305337991e-07
0.99999483411
0.00390038992333
2.26526269446e-10
0.751976880471
0.00370007638168
0.0168697452208
0.00566942456949
1.07674510834e-12
0.130216177494
4.41617529997e-05
7.59648410812e-06
0.645062947956
0.524914414619
0.000201545876049
0.000305452253585
8.84332801225e-05
5.95187047868e-05
0.994629137208
0.0034881991599
0.00952495004775
0.00242822368446
9.59042630422e-07
0.999961118542
6.96729704098e-05
0.00568169370989
1.7335241229e-07
0.019058677402
0.402910630356
0.00017013279139
0.000113696180582
0.000553827795314
0.00545059460122
4.24537337671e-05
0.000169755029469
0.000244385639263
0.00122636322729
0.505566127732
0.0214485271163
1.41403279907e-09
0.999998646857
0.0935631691159
0.000221297476125
5.9978113322e-06
1.67013255526e-08
2.0253454516e-07
0.0028114910958
0.00551570981792
0.00783991106383
0.0910233734169
2.65937831288e-05
0.000366452140708
1.74207494296e-08
0.000107995158651
0.115616938505
0.000439613951066
0.373581523337
0.646864430739
1.31559430393e-11
0.996096178656
0.000229087409835
0.0499640503491
0.000962496960059
3.92747888873e-06
0.00106395485788
0.139541707487
0.176134056797
0.000136524667157
0.300122853759
3.48592191711e-13
1.21190621222e-05
1.02925242754e-05
2.36964248189e-07
8.38289714029e-05
1.67338203491e-05
2.76718688318e-13
0.941886115814
0.0512559513733
0.971323637721
0.0720299326038
0.000275639460461
0.00396709844298
0.00102884328417
1.95887393177e-06
0.236203078053
0.406915322851
0.999999175462
6.76148690382e-07
5.33750920249e-09
5.43441071057e-07
5.63875212246e-06
0.000207201820998
0.00530392339431
0.223222811035
0.000271933572503
0.146427986054
9.88186080529e-05
9.992775781e-08
0.0427008351276
0.0077209570144
1.85391412261e-05
0.000157331494141
5.57012686953e-06
0.00281043510416
4.253982977e-07
0.922689158382
3.12391091906e-05
8.1221207696e-08
0.971932863803
0.510898655287
0.00168432999663
1.1443057544e-06
0.559859068219
