0.947347817931
0.998278152431
0.736430953847
0.446235727165
0.448521244469
0.753987342577
0.458348909238
0.0663989754007
0.979352079816
0.980577472881
0.619484407774
0.63981612443
0.679585493891
0.979235050991
0.709226279044
0.984941272491
0.758581295328
0.958482790141
0.981151271421
0.92826009229
0.375129651006
0.327376677225
0.423757952758
0.974815609932
0.596874354938
0.294940576356
0.998791658149
0.986936623537
0.207051338412
0.804703080396
0.800929924298
0.922699693271
0.489602897132
0.9981195564
0.0971799189868
0.883510872845
0.75027496856
0.552210630421
0.823507024025
0.556794570074
0.208475431413
0.873136955925
0.998956594587
0.0729256344663
0.728216312459
0.838587722524
0.967599540044
0.221787746499
0.98561232946
0.536200823344
0.997988504608
0.600425302937
0.891776247921
0.349373200784
0.633971769423
0.892640201446
0.9995188805
0.980604851573
0.938100801008
0.0942226274733
0.745670176255
0.980176033381
0.918681046927
0.711282318326
0.635106528649
0.922214538346
0.901298436781
0.996457411886
0.408093712658
0.996361011237
0.971499670878
0.9739823317
0.916278834286
0.770461246255
0.373525071575
0.0696839203858
0.913407873165
0.971193982267
0.997668403763
0.392204263206
0.610598720946
0.171393941096
0.999982173862
0.959874609288
0.718979548918
0.179078505706
0.306248810679
0.583634472306
0.857536495203
0.88174859747
0.00406732047998
0.887232416602
0.770859142027
0.999999614249
0.998409704501
0.78905547599
0.432288557903
0.535842384726
0.931282033482
0.739962287955
0.932248326429
0.213814005484
0.497558610731
0.567964819571
0.980518271672
0.0358609823183
0.908453467544
0.969289071112
0.597962131958
0.942944503652
0.764593772712
0.997488822296
0.674947812932
0.787863793268
0.249700562706
0.9992286261
0.378250780069
0.657403463928
0.968408218297
0.959103635328
0.887111338127
0.542626375936
0.99246554157
0.21770346748
0.831343180241
0.99786022056
0.30432490226
0.830192041436
0.790965041255
0.415530780981
0.924525493033
0.984936341028
0.904636148187
0.618711839924
0.369647285653
0.655873005561
0.991550773447
0.278148107226
0.329177155522
0.766743504744
0.813671493477
0.997539529894
0.8399230756
0.835923294667
0.996076006252
0.100554716636
0.989968386496
0.300323914781
0.101560697964
0.927625045388
0.460215936099
0.592448080702
0.965060841828
0.300161657317
0.99453205264
0.998085506975
0.946242638498
0.776273451058
0.992738715366
0.861330117548
0.960575235141
0.835109385024
0.999374833949
0.756777927066
0.360543593415
0.951945256465
0.994468151768
0.998863727315
0.984978882143
0.998487503766
0.999988066055
0.727765138729
0.838361010098
0.917360560724
0.329585678023
0.223916138183
0.285162664494
0.951673688836
0.992250810141
0.178064807072
0.849604596967
0.983071692257
0.967444565429
0.968522583576
0.974110606942
0.766860708383
0.299734648018
0.998603570838
0.372679709641
0.22867905732
0.881064826624
0.237441382372
0.929141712653
0.993148186932
0.355266506459
0.690683070403
0.985238565807
0.886559446596
0.888062529403
0.999748854251
0.980612493626
0.93272613598
0.970934634339
0.858959396725
0.303404454335
0.999711607361
0.575768728206
0.99934150841
0.857290141855
0.874535917084
0.25349548926
0.539928195943
0.754845187979
0.798410393429
0.878119373101
0.930404983262
0.28541459559
0.985080903628
0.329801199416
0.499594687498
0.405107005992
0.997082094614
0.105007574824
0.974975556394
0.984430601644
0.999701472476
0.945279780117
0.99975317505
0.784464903036
0.677729885512
0.312818297966
0.999911491015
0.650916548669
0.854503080866
0.816151268546
0.34812464355
0.908842140852
0.970104679895
0.773091946616
0.789729342447
0.944105388271
0.993499823212
0.977764376342
0.990056782995
0.975972394579
0.838637438978
0.803663395496
0.996006397259
0.403445604341
0.965752393406
0.964964871767
0.946459435183
0.968429336128
0.936164194305
0.992478648127
0.758077149785
0.839272610294
0.966938496206
0.789234394628
0.708429374368
0.882333870587
0.288233772592
0.811381643403
0.28691535726
0.995201614004
0.880934955903
0.917597927029
0.795316258388
0.867660910114
0.880515616182
0.986107147537
0.447399295642
0.561283440329
0.716881574235
0.61216222647
0.77334069276
0.975228021015
0.997858746366
0.137075374203
0.938853340432
0.980945802331
0.56040044077
0.777232886327
0.814491908545
0.0330718962493
0.51949923428
0.874247929697
0.81588413512
0.0561529552161
0.67193281306
0.837949518407
0.276648717225
0.958689379425
0.406822618305
0.67743126697
0.891356568815
0.0138123030335
0.993689076227
0.8864047439
0.784398532078
0.992416529417
0.956069552651
0.998792663345
0.74223481855
0.98173814863
0.791547609379
0.616078236894
0.43481505815
0.999509671047
0.475169386899
0.580166778774
0.0967110068251
0.973418272526
0.918560860063
0.951803560147
0.913912942853
0.0351991229404
0.795291399135
0.917253482575
0.943435154339
0.112396687788
0.999282802358
0.996526847465
0.503390964467
0.661530870656
0.513623239516
0.720111488417
0.342120729153
0.999940949498
0.631453175054
0.999433001844
0.00435671317838
0.221793414535
0.621441204661
0.999613993539
0.270130066917
0.425037063783
0.252182177976
0.490312658109
0.945012365856
0.942414894689
0.99636517804
0.927598116325
0.998830949291
0.998852962406
0.718859450788
0.537707978352
0.987001778534
0.915726950192
0.993694412092
0.96567360253
0.876276434637
0.503707424552
0.14258166822
0.565052009237
0.583053113106
0.999550832174
0.955612749133
0.837163691329
0.999997989191
0.98031039487
0.665929383637
0.834265180967
0.694677617736
0.461060732562
0.105001028271
0.440481232191
0.934028794667
0.5
0.999905504184
0.33829566424
0.0751533937295
0.485135127289
0.653142611865
0.984900722476
0.959498256051
0.793822368741
0.931534369808
0.74497332979
0.827199023806
0.956888209258
0.561500930644
0.574524247047
0.235689777362
0.880020464369
0.994013841117
0.648333743935
0.0511193610159
0.98872801826
0.478993261879
0.554350076537
0.999999774937
0.959749313847
0.970809814134
0.726334584077
0.941503413772
0.581687010222
0.999831488401
0.975585480003
0.999753679999
0.9855619092
0.975845434988
0.25070324047
0.64566039989
0.0386088729727
0.348186478063
0.346685684243
0.972352039642
0.756106006492
0.799969165829
0.983339941604
0.476567729628
0.977035740423
0.0245663769573
0.915407944082
0.999622158139
0.832968771843
0.621316199846
0.193914523665
0.996750529345
0.954630696253
0.803058186258
0.585096287406
0.966743305532
0.904340623419
0.929871800461
0.805859393536
0.913293958379
0.821455720028
0.921021118812
0.0388928238536
0.999936143295
0.500533204989
0.925619382416
0.66697828446
0.984368607809
0.999939000706
0.861987912687
0.925469632818
0.521601063328
0.997696142771
0.0425530032772
0.550487743361
0.877803719697
0.944390308156
0.0204307497529
0.995955271544
0.177286475798
0.878693314554
0.0189524075294
0.992077109215
0.929347402078
0.124270537777
0.759566110818
0.471808834838
0.987533930517
0.332224291961
0.206465633447
0.626653454632
0.685296210971
0.887373309019
0.623473601541
0.481216439657
0.992851739882
0.954731877373
0.723341926026
0.537088525804
0.85603794728
0.914806774945
0.999973104509
0.0262474249685
0.771068995036
0.997880900909
0.997649536192
0.830096222238
0.99655355773
0.999212327378
0.230397614821
0.35015368439
0.977551191855
0.95299345979
0.291345821967
0.614296604423
0.699568868989
0.18558332691
0.669825385561
0.997112334143
0.963258466274
0.90760518076
0.176494359387
0.453041311441
0.790438683363
0.979419665104
0.973261991204
0.959225913488
0.962516027465
0.794782656291
0.999872151527
0.900088791258
0.930401844097
0.963056890842
0.48515492145
0.973342546456
0.0566152106721
0.0211844862098
0.994086002364
0.990178025985
0.991999143077
0.999204877364
0.566836599574
0.997019835382
0.786006600147
0.998645744542
0.997830834246
0.74601706433
0.990506370912
0.0254752965476
0.769097090166
0.980561901198
0.505683083807
0.678494726547
0.804749182543
0.965239787914
0.961620666654
0.252747815638
0.66461025016
0.61423439856
0.865109789487
0.942159192132
0.4766
0.883373337504
0.996779794762
0.0720166481345
0.987006818841
0.580080805084
0.95548753971
0.891351057868
0.883286377858
0.999394629558
0.849134586455
0.327799522938
0.978391327414
0.756632965807
0.609981660692
0.444847963788
0.746116060717
0.00337613377638
0.794395315494
0.583281858014
0.842916827374
0.157824526237
0.00735591316887
0.939801599739
0.999765194487
0.618072337892
0.98963993834
0.963874488568
0.970926743016
0.99895144917
0.585688119975
0.67308347464
0.455052429426
0.976106690558
0.717231170363
0.840378490054
0.590390377224
0.59638525619
0.991255162238
0.601694617442
0.95896471105
0.830214123421
0.935178166118
0.771283043638
0.0432412748868
0.987952854072
0.405309689436
0.920795060137
0.137739105049
0.999605259116
0.999974152723
0.98637990559
0.0683835084392
0.67254970991
0.122309522672
0.220564376884
0.737169253737
0.750437527734
0.838553731931
0.903910655705
0.00125080334712
0.0890951626495
0.977815974346
0.666462928023
0.934858987999
0.617184975895
0.0351964819309
0.987344509163
0.12834928992
0.987518688774
0.117520393714
0.794656255004
0.458420541916
0.999776074168
0.999998686572
0.876417312106
0.776153948926
0.650190431475
0.960177539286
0.758451280168
0.349980824156
0.873218885138
0.0268987167292
0.982568212452
0.996506344118
0.995222502126
0.26492524032
0.546237325221
0.286487085723
0.334600063449
0.583431574285
0.22537117616
0.976024697638
0.999723599365
0.710974247682
0.998123600157
0.437381392599
0.832779359023
0.994648140188
0.938006664258
0.5199457178
0.869705460629
0.865356348859
0.956541108004
0.955575270526
0.934705270685
0.894110028698
0.715998842538
0.964092054862
0.903745889544
0.0964877438302
0.984430877234
0.313365016436
0.994433872448
0.538338854167
0.162581692434
0.994612538887
0.98702805261
0.857536495203
0.985287514363
0.715353291524
0.994512232404
0.782258421692
0.999176735422
0.985176562249
0.968626536932
0.46305376448
0.925108633875
0.999567609968
0.991259322997
0.143555960979
0.893952916586
0.772197169422
0.1239759692
0.889324849202
0.999910552051
0.984174986136
0.992485284341
0.489578245745
0.998100221905
0.935982621323
0.766721271213
0.998636220756
0.525673447205
0.815825102407
0.999993160178
0.0188694620439
0.999071146529
0.356235219204
0.816640367925
0.847363660953
0.669511947513
0.318437907825
0.943126363543
0.563860738449
0.195171065461
0.991745070104
0.853294648029
0.637393129963
0.999464924646
0.939872340596
0.799452552104
0.482386812921
0.314964913194
0.924189571285
0.995849973756
0.973022402339
0.775905932887
0.460861005552
0.519199375759
0.999999764304
0.810627196856
0.999928507961
0.884789071107
0.663501925594
0.332271200873
0.988235705325
0.546252474482
0.956858120587
0.945781068737
0.641298272024
0.996807081155
0.757736319698
0.999985917146
0.536598666826
0.577339204867
0.735090710637
0.999999868142
0.873492267724
0.37565604885
0.99325064166
0.912344158953
0.479496998876
0.672364720758
0.715557750871
0.908442707885
0.92220912026
0.973192050744
0.00151267153103
0.195164225975
0.845503583773
0.997501834257
0.659531883392
0.16076475274
0.999529107538
0.961738483407
0.999084587213
0.945485906042
0.866722800246
0.743552161559
0.999996801431
0.239983940778
0.0476237957646
0.514765971388
0.985263508525
0.993961124966
0.696804204767
0.829840734818
0.91342696677
0.863979074949
0.999853237754
0.244931189357
0.669825529453
0.585993079252
0.7621999442
0.840647904628
0.542885455306
0.816009526701
0.915968022146
0.920828092977
0.997213894543
0.134602363162
0.998026020226
0.62650461281
0.894503262761
0.997551416613
0.920020425309
0.884663057789
0.962672872121
0.998169490738
0.708285039039
0.462462392351
0.535034806047
0.80335783906
0.934027021844
0.745372533133
0.972173443186
0.993021666788
0.941988987917
0.999438169773
0.936112372948
0.921595998248
0.50076816906
0.275612261607
0.480836408515
0.98093782784
0.963730217887
0.749164032628
0.993513570053
0.85850026042
0.275036519735
0.999789798583
0.999993274449
0.563175329299
0.987514942064
0.786408375001
0.680629929532
0.144036699466
0.669501547931
0.848989746255
0.352712930243
0.519545370137
0.926442128784
0.700625922357
0.28181032693
0.638931238114
0.99567592765
0.890642021808
0.0662468398077
0.993967693965
0.212386827653
0.995942008137
0.926424227388
0.999823713519
0.882739814134
0.657247469694
0.999932693572
0.303527036248
0.865437250327
0.288757511382
0.771328475297
0.991328185989
0.977164888065
0.210766114864
0.639425204985
0.990137809718
0.994168151151
0.998415523147
0.151328672247
0.946586190944
0.999999905378
0.995149296969
0.975479294101
0.08985230271
0.801525457149
0.648873917595
0.616187671309
0.754018982479
0.816277279773
0.110837832268
0.958989689706
0.526051356304
0.881672409876
0.0184794831916
0.000179708213437
0.994840886523
0.999978568723
0.982761311383
0.308876105658
0.13418043093
0.971934641861
0.97609660107
0.912428008057
0.879332920668
0.676261872315
0.473181638874
0.961359282721
0.937691774562
0.592433179503
0.999999967398
0.999890807675
0.95038744092
0.991699741628
0.996773465564
0.895634037935
0.990744697647
0.926024891461
0.996875771476
0.964819085524
0.790994127637
0.981312378944
0.907310899592
0.0367851989246
0.0406714979118
0.976450165979
0.181012098955
0.969461048564
0.518932785393
0.700115800384
0.861625079111
0.441600156468
0.947060582892
0.478121653519
0.907812027044
0.999999992736
0.697947573905
0.996697729021
0.998800351214
0.0774524847901
0.695520590235
0.604042816009
0.901167837021
0.783044233806
0.978247381771
0.954685756621
0.999431607423
0.899309637842
0.152069817577
0.999646162528
0.958618706856
0.999128560939
0.854058613231
0.751490714826
0.935260517234
0.946926343449
0.999999745119
0.502382667046
0.978669392039
0.961549410598
0.256341198593
0.581372585592
0.939315702819
0.887287629414
0.888736669935
0.016584450684
0.999641749967
0.959721809415
0.919466104562
0.997404340751
0.721553635308
0.0128933979396
0.486060336978
0.199616354199
0.453422834269
0.998379309731
0.994611285006
0.344759396568
0.469962181329
0.996398739731
0.933645003307
0.203584596237
0.287682681885
0.994474518006
0.841785341448
0.975321711299
0.919010004157
0.965586565448
0.67013414738
0.725971947339
0.0587376879001
0.764294418514
0.184284908892
0.138381780975
0.92495485373
0.992115295821
0.825485437815
0.986838126814
0.921916121432
0.834883239202
0.999981989057
0.981219615899
0.740311680754
0.40247143018
0.997607596923
0.801893213397
0.999954621423
0.352746093334
0.533368720389
0.843285431013
0.866641725866
0.941047926101
0.966643118124
0.888540140857
0.210749127846
0.98390523494
0.941241386861
0.0900601005774
0.983818881291
0.996609276403
0.98218873887
0.830945442464
0.999616174683
0.800974963307
0.650727297587
0.645410615155
0.295449489814
0.800965522791
0.168858690254
0.879054956248
0.112576266971
0.990795184377
0.966743280257
0.91556569946
0.735365399381
0.999523759074
0.910693621847
0.0084091466413
0.912509575775
0.918815293975
0.929252933673
0.999980882278
0.100035188746
0.89465287435
0.947304424324
0.375883322583
0.218144973348
0.757464748606
0.384230560843
0.77091355664
0.846202371974
0.476841539738
0.99374062256
0.77678012975
0.101701821216
0.962170857561
0.0187788251339
0.88861001175
0.997918378256
0.994149151876
0.406586723674
0.989718657739
0.652356166985
0.998667825651
0.957978378451
0.293409931422
0.592679966692
0.524478318122
0.944241412826
0.858938045955
0.999418552237
0.328282447631
0.740761739596
0.367480032501
0.667484393356
0.870841736358
0.385348957544
0.90199938631
0.0565482381654
0.011959273831
0.982926561304
0.945102749555
0.564164588897
0.0416179629921
0.818581513954
0.560081838033
0.997261251673
0.971293845725
0.95205887665
0.990625016761
0.967633444784
0.600397014132
0.604825220413
0.106435862705
0.999965365726
0.996400111699
0.277663400735
0.221553350253
0.435399475481
0.924849032718
0.971595226984
0.155751897364
0.990363989118
0.49337416167
0.442665609072
0.398876829266
0.86610734211
0.991826442316
0.651535016673
0.964184069749
0.999592672375
0.0156369075917
0.99812811727
0.485041832466
0.618699331803
0.75761882464
0.949132458105
0.992363261386
0.48083443254
0.956683259453
0.881563866258
0.645915738234
0.993131568353
0.266252463946
0.550390141506
0.382213570827
0.217205771872
0.948315926978
0.0857289816653
0.888068436423
0.958718353344
0.90561907377
0.708084813044
0.86383864155
0.845934021569
0.687410232197
0.842808740639
0.405722745103
0.3429
0.99638513256
0.692258757799
0.937192206675
0.998892011373
0.996184901598
0.756521932153
0.989865010703
0.839610280407
0.956203473701
0.999835201863
0.513404251593
0.790212825844
0.283103149457
0.953865608997
0.847430806914
0.633488484397
0.403270382271
0.992307428672
0.952375482168
0.919968706381
0.998099770594
0.485920826592
0.989110301648
0.999744871008
0.984551773517
0.999962316836
0.99457816778
0.827407085536
0.997056730715
0.138367877554
0.968947279193
0.958831772897
0.313365016436
0.792243828452
0.500048311492
0.187684456211
0.99975320716
0.0447767036739
0.615022858984
0.546222081352
0.96066209596
0.408764594199
0.993120032391
0.644126592235
0.00969856147151
0.963071775338
0.997678822394
0.98639558094
0.356487333269
0.598148594869
0.601572915689
0.913437825569
0.98639873897
0.979210679836
0.0382111468084
0.998817704638
0.977361076656
0.456681414852
0.974842611072
0.0878112661021
0.71465240008
0.999285147968
0.939010935878
0.145628935194
0.998718950596
0.113258968096
0.101419475586
0.100356116075
0.594330862565
0.997018600189
0.905661993785
0.479678955848
0.709261587007
0.974864876106
0.777820393173
0.837059337149
0.748572465713
0.615227957337
0.561263477166
0.9994376819
0.615815156842
0.998693483159
0.832721037784
0.264245207037
0.991366440703
0.417075033895
0.891371651573
0.881734212776
0.383544542314
0.699126116532
0.891178529751
0.583351550207
0.974320800732
0.672777665494
0.981152175586
0.917539526041
0.0422652932725
0.884573893984
0.402836160828
0.744252476621
0.999920542953
0.987469560967
0.922751720467
0.570754060756
0.86237235437
0.49928102973
0.663767931145
0.972109739693
0.178874001302
0.0342530411778
0.987127410746
0.226483813907
0.999999893034
0.926591176379
0.999792541222
0.5
0.236765274264
0.656163583476
0.945867009791
0.981516243325
0.947198146574
0.582128964916
0.58826645088
0.997583252438
0.458603530971
0.887560198726
0.293814178612
0.989966026114
0.996028731954
0.670202562546
0.837368011705
0.990686884047
0.8443236202
0.995023085246
0.996960534607
0.198692959044
0.999996036892
0.995776751752
0.273450569513
0.692583061958
0.716405651844
0.658168374291
0.44696936105
0.999988718159
0.925181767307
0.994584906266
0.970039945336
0.556013189474
0.848986334021
0.797933463465
0.915000171967
0.999431734674
0.00618742055577
0.575713531773
0.955483596666
0.70535897279
0.974322671584
0.972062387805
0.143136586679
0.030679574986
0.655444636035
0.858903969642
0.885001198366
0.953590502565
0.987714241528
0.999980562583
0.5852
0.0781240780086
0.198726588007
0.816842218603
0.978760395786
0.954051912345
0.589447041492
0.449108581453
0.92704036766
0.26011515437
0.0743495811996
0.977373982791
0.709635226408
0.911844685732
0.89324123473
0.621417113354
0.705706124832
0.616790529115
0.965176227986
0.967407638737
0.999999742736
0.70298426158
0.996164961457
0.241276931937
0.482145504222
0.252698817211
0.537503337151
0.869612539747
0.960163986182
0.668517128294
0.642894657505
0.992779728114
0.330244540804
0.563770118619
0.817526345765
0.987030322542
0.990520571927
0.847914420715
0.26072503823
0.560287022148
0.487080690268
0.550930771177
0.935225638251
0.876738437367
0.159232621197
0.337453341287
0.231190955142
0.999947207977
0.989213961501
0.970149151125
0.172218145423
0.8619837807
0.67964116113
0.624432148232
0.893595846058
0.865743620511
0.884199340406
0.976675078422
0.886057356522
0.816805577979
0.522352523507
0.991499668095
0.999012206967
0.992374851552
0.882612974736
0.972947722515
0.549591581776
0.151184801455
0.994354835873
0.753757801243
0.41209489119
0.723276632555
0.680861281233
0.512474229474
0.976047614014
0.860971809032
0.986227489724
0.28595927167
0.374741167185
0.944622155794
0.993316026454
0.816279060677
0.822919986553
0.971572312907
0.616064925037
0.999477030248
0.991875644646
0.999251528115
0.998811528887
0.963519150545
0.810796834601
0.66465813812
0.935651738593
0.913771966815
0.74355237934
0.596864354283
0.145441318028
0.901465161975
0.951962249128
0.688397949914
0.651526495405
0.926243616379
0.543494691539
0.957323374403
0.717589323336
0.588300253941
0.78782769995
0.713900078938
0.25080167152
0.985921867365
0.739303354831
0.851300737602
0.999997868805
0.165893965115
0.834954796349
0.906066912262
0.657625592864
0.90714068035
0.99999099859
0.92996418991
0.999898938249
0.999947931584
0.998895258257
0.945360445858
0.858573419244
0.962218962078
0.00704254202706
0.99992649613
0.771126593899
0.995971957531
0.959434899838
0.999999989057
0.9261666862
0.912153856224
0.92358101928
0.322166438901
0.338872518753
0.97807881488
0.294384636974
0.643377526874
0.996629359367
0.478547991462
0.876997287422
0.439007278828
0.923651813065
0.660165326422
0.818851875057
0.18157279965
0.914779973875
0.956685795641
0.48268963667
0.952972321184
0.538404040866
0.939721916882
0.649942684588
0.0181002474707
0.358926444572
0.994584805451
0.600553298697
0.0271314702659
0.862045086465
0.848824393119
0.958290355004
0.990032507737
0.748071948745
0.232563174905
0.170169582432
0.967765020555
0.966525273805
0.9873787962
0.0838711495385
0.919257108596
0.832620482314
0.183062189048
0.968245810355
0.941827414427
0.63241272256
0.0687075897788
0.989292076789
0.983821971649
0.999969148584
0.0901157751768
0.883990674884
0.364454349699
0.559587744703
0.829388546251
0.764868332265
0.999999966603
0.998511453931
0.998657037123
0.26697956088
0.972756067746
0.7777124671
0.848587810294
0.99866682222
0.978563144678
0.447776523628
0.997575578126
0.889047641443
0.997222508828
0.105982889179
0.999992420429
0.996943331417
0.829530630749
0.999951966843
0.88674828198
0.999916141945
0.0270561688473
0.980720693515
0.955328145702
0.520415079238
0.0352400326247
0.983768681781
0.620798274051
0.999218475434
0.383117581463
0.529639575066
0.390546049157
0.98208082646
0.761853263518
0.907006942475
0.645339278235
0.633729994614
0.972846402282
0.270819161735
0.872290348214
0.999408234765
0.999853269144
0.0713207083167
0.614639362103
0.977928401288
0.904043781067
0.272928960952
0.995616771954
0.987595991564
0.810547779276
0.99825259473
0.999999176907
0.980114759305
0.381257640245
0.994063062133
0.618570559574
0.989359770834
0.840395073078
0.817879649788
0.987631202796
0.996091678906
0.0989110495948
0.734498575257
0.658075557158
0.990830333467
0.964489502628
0.995742651029
0.999998210063
0.89798709633
0.809952649041
0.908127118203
0.996907223463
0.142191086136
0.169521240533
0.997939101689
0.827801943151
0.28444661758
0.215400846796
0.977518475573
0.467740631266
0.961088388538
0.984534364687
0.999657263369
0.912259869571
0.819944589254
0.865335670667
0.93899380012
0.0371237779133
0.970053731911
0.935941326678
0.190480266337
0.247756328742
0.999681559199
0.943072818003
0.0607825099214
0.643505832995
0.520968474982
0.15605067967
0.964998080064
0.998136506923
0.609759380877
0.498247875659
0.168549936384
0.997101728245
0.996675834029
0.325812946136
0.98656510139
0.378907136394
0.999899385663
0.985761615485
0.991684851727
0.292362773364
0.502109850611
0.901031187234
0.773181247499
0.998368066919
0.999984236028
0.262498790986
0.843669770475
0.99999399769
0.381157382425
0.727980366994
0.876333783915
0.578043581173
0.486456192217
0.987217012198
0.883105699431
0.999522352189
0.373632723768
0.998839366977
0.632373849642
0.888491418687
0.533176220787
0.720510027988
0.778687470492
0.189459689188
0.999998538841
0.129739326029
0.99751148631
0.997996856644
0.923862734551
0.775332420026
0.857946817033
0.213838772552
0.89002507052
0.452405863688
0.0556172187744
0.211251622641
0.95440416224
0.929693855114
0.983622471127
0.978558034085
0.991923982772
0.7650719269
0.474098044022
0.000211613592331
0.751227682234
0.932025794625
0.320404000089
0.693098449032
0.756087253511
0.4659163641
0.3693054371
0.991690271372
0.981935006656
0.888541282742
0.971719114805
0.785130808053
0.999470374824
0.355626689872
0.964698724726
0.755254103045
0.88536965784
0.269631106779
0.73063349191
0.798571793342
0.808860733017
0.999996408281
0.957916623718
0.552597324603
0.991622554012
0.986633101298
0.729832441076
0.992639098837
0.767798438051
0.0474829035087
0.998960377399
0.809230927476
0.919007003363
0.995482769449
0.991749823409
0.112998920799
0.877603562727
0.470915942858
0.89212272863
0.676473547054
0.893974104127
0.895891815569
0.999961082267
0.278956098584
0.112231397046
0.982530188723
0.925600251942
0.137035777225
0.239655542985
0.998075581221
0.700184789583
0.420665238395
0.997639263265
0.520295414779
0.470872933675
0.963501382794
0.872415753982
0.226238709709
0.519880851976
0.989204221305
0.798183453798
0.691485399194
0.777758977617
0.552001939857
0.835107175877
0.433883646049
0.458813942814
0.917984768449
0.739325971464
0.997751005898
0.860953592048
0.973345108251
0.115624482858
0.0534979530897
0.978923039632
0.556879894515
0.997711323033
0.351485329141
0.490532639144
0.35432509912
0.991921137612
0.569294022522
0.987121538047
0.711178770373
0.869691911562
0.999921422627
0.980747571478
0.754683740773
0.973336310214
0.950720282065
0.989807477502
0.903073168629
0.917629377729
0.999225677211
0.462420981458
0.186633140977
0.996350768784
0.50143794942
0.996591660291
0.772674243845
0.918623059417
0.654438617073
0.928519920514
0.244035807641
0.393966259115
0.999316599192
0.966922308012
0.199716315055
0.436342068682
0.994369784536
0.964689520162
0.803650933638
0.984341024395
0.231514980847
0.990585680994
0.999916271589
0.442563851749
0.326924501457
0.976163247441
0.999845391767
0.978884406322
0.996696427548
0.993000586423
0.113588814047
0.134890527724
0.997386943215
0.347502969435
0.989237866402
0.939287963489
0.742857261884
0.975126182935
0.909434136003
0.440941309187
0.206220970773
0.973233596361
0.555696741564
0.028913957821
0.407270829688
0.872969431738
0.958728104358
0.353522784735
0.639237411757
0.995110357517
0.983669918716
0.999812630126
0.99993770453
0.946265025872
0.581980692153
0.218222207515
0.460483891922
0.976349953051
0.947357016927
0.850639813552
0.999262996956
0.096237414783
0.967661914437
0.981418338309
0.784348508233
0.975805873332
0.996125837078
0.963101007141
0.469330878131
0.524889190409
0.99999858797
0.946358170339
0.998350437461
0.35537676066
0.979974031781
0.923854386329
0.944934162257
0.863060199924
0.69350838442
0.999359825213
0.253777450495
0.551437557791
0.822652969972
0.956998626955
0.997473092625
0.918085892587
0.840648638343
0.855833621531
0.856978571412
0.880075066371
0.143153442117
0.990695732275
0.999965158996
0.778931403578
0.266969034493
0.995089571318
0.938080174762
0.829152661126
0.405303021423
0.904213271001
0.999957180284
0.744480910399
0.169512579338
0.998491191898
0.822960115601
0.887808681859
0.908075610334
0.769727118551
0.945727850515
0.962266384151
0.935866701847
0.834894053454
0.418313542682
0.89434124698
0.999767937401
0.973573993654
0.833371034876
0.809087940013
0.987770523363
0.981090148628
0.16154938394
0.995759314687
0.985584735956
0.688781337369
0.622428196377
0.156508942121
0.999906429988
0.0477728988939
0.246546756029
0.863241740711
0.987173164316
0.0909165273028
0.966131481524
0.878441632586
0.999978706239
0.434917147589
0.539462489593
0.841868220496
0.994350453823
0.112233479
0.998686642695
0.536981501272
0.993529673017
0.999551430107
0.997055670047
0.996569906055
0.213090574139
0.999969722681
0.964118720981
0.0702503977364
0.565574554634
0.795868042216
0.272500931615
0.819718690118
0.942270526472
0.996941948227
0.845700656024
0.102949353072
0.315129647859
0.516449025928
0.999980148632
0.995867553492
0.4200642591
0.995421693369
0.969824623477
0.256727661181
0.937935435126
0.997156037479
0.949159845384
0.998592895756
0.903758549648
0.999147160937
0.992063029962
0.790201001252
0.296352996021
0.979231583258
0.994944596852
0.998003040931
0.982608658295
0.989624214151
0.989374165931
0.525640344397
0.71481533307
0.867590565602
0.853151318449
0.915692471245
0.823429356631
0.228167057523
0.996127288434
0.517710381286
0.998430279113
0.983456687497
0.791031544293
0.916639273817
0.995436071193
0.954872852944
0.955188417178
0.425751903462
0.148019481541
0.987693444637
0.951036715999
0.220296824288
0.414700456036
0.438107123481
0.999868688704
0.346597933363
0.442559181178
0.955801302312
0.911396864888
0.682438539679
0.988096405053
0.98910548515
0.997406925492
0.576056870705
0.27230531561
0.110289566712
0.423976478508
0.856676682406
0.223448508547
0.815911783982
0.992008104505
0.947533796312
0.890346522205
0.965571748222
0.998004881514
0.808776952497
0.988477049046
0.0202480770973
0.897188173482
0.941101753483
0.151756590033
0.590888424999
0.79214981407
0.853101160351
0.861335684094
0.829774124698
0.605430402748
0.999093848469
0.996475045213
0.854197030217
0.975180557305
0.761928232997
0.979097930904
0.979539334312
0.981622277951
0.969277642847
0.839524804375
0.890760601243
0.141040820071
0.969886318574
0.402631752667
0.991643942284
0.316537488697
0.901153529825
0.867463386297
0.735783923825
0.951700908924
0.815210301472
0.294408878192
0.700389193671
0.966805137288
0.92372775338
0.977269838509
0.939266130112
0.00975186137192
0.484070936328
0.0405094093499
0.95884531093
0.999177222197
0.292920243193
0.877047709384
0.99664650179
0.547848864022
0.675794038717
0.987523623407
0.999484511864
0.999958653694
0.993175554797
0.395802555819
0.908697616544
0.905438813752
0.191522743646
0.978065633918
0.752215311149
0.462494532145
0.436598367946
0.559747246883
0.79116976685
0.776404662837
0.853365625559
0.823310552811
0.939306512168
0.548422465613
0.565349862425
0.943839606428
0.981217500442
0.99165986767
0.636146476346
0.531827655909
2.52957697601e-06
0.214727835136
0.161333952208
0.676540047569
0.265459756951
0.999674522825
0.273766839165
0.773473387313
0.977973308073
0.946784214852
0.963637451792
0.999610339201
0.986912258253
0.432972075488
0.920921228051
0.999869880411
0.964930282013
0.999992011163
0.980011845242
0.588318520777
0.900200945473
0.999812134527
0.220951159701
0.998854465018
0.879856567624
0.997667379068
0.962111538279
0.881478158087
0.322285325821
0.124845786287
0.643546872427
0.955102774202
0.972598886587
0.8218
0.719254000925
0.785068725421
0.161558825013
0.234238989629
0.630162075442
0.978653899387
0.963895070721
0.0725304407149
0.893771174023
0.937009941521
0.77427236354
0.1992573639
0.465320175725
0.126206443576
0.997091129731
0.0654530146533
0.915613036564
0.497672730487
0.831416070657
0.539869543626
0.625111276637
0.865049064704
0.110595172309
0.885353126706
0.996467709992
0.955503360894
0.999938540934
0.970795969473
0.072549934949
0.999478300339
0.847263689152
0.683494045635
0.961488427045
0.815275023154
0.641949262143
0.940549801406
0.796363084933
0.235261188852
0.992602919477
0.109307221801
0.290179912909
0.00414618104731
0.572575661979
0.975505952295
0.819308998106
0.595173847561
0.509546452792
0.0162370812203
0.25235902474
0.167265556553
0.773731426067
0.548654060051
0.076187999851
0.540350814999
0.882750567813
0.873697664907
0.982379437254
0.963882410724
0.753434299148
0.0024165741029
0.999711111275
0.377891863157
0.274915376973
0.4959
0.612456579505
0.996817744522
0.820642448596
0.996640734972
0.740250104311
0.659074912763
0.973447783522
0.931800406216
0.494500213585
0.999980441663
0.938650417584
0.977843429937
0.951239278958
0.87516817979
0.916951162271
0.79978014009
0.0623759198063
0.851010244779
0.904965828882
0.572156897449
0.608899392767
0.301373091762
0.964469127892
0.617838553357
0.043781183209
0.998313588115
0.998225511957
0.49775449441
0.373084353485
0.164499593638
0.933157188431
0.835690839332
0.287701035231
0.823047643819
0.346766313417
0.976944240835
0.412917931529
0.00928635432101
0.984363722252
0.98783480355
0.202745752092
0.999046255563
0.662397526772
0.355864768773
0.651570461541
0.715531918393
0.207591682009
0.996662288696
0.787873160501
0.865363142214
0.989224500336
0.999857335345
0.46718534484
0.889632171501
0.592433160128
0.607407838461
0.399637660372
0.593554754248
0.612128631826
0.998935645968
0.614359349493
0.322304475729
0.987557550371
0.949916215152
0.545954840237
0.716239861184
0.761295486358
0.945107956185
0.563215294836
0.978612835279
0.995242819506
0.749167992415
0.767802575991
0.999814115602
0.674755924977
0.986438420464
0.983562561141
0.722242837132
0.999916461641
0.747193997582
0.194104553186
0.988757864553
0.906581012463
0.570689688074
0.471396842766
0.96980176066
0.812942456711
0.97619162615
0.310435603898
0.716358969295
0.904573553888
0.985116626951
0.870017519722
0.448296267594
0.952473603292
0.992956056349
0.805551766705
0.999999996659
0.872713015347
0.999993497372
0.80794627986
0.379929634246
0.987654904128
0.991816687925
0.961745630169
0.548695067301
0.626148509014
0.719725635925
0.774128810885
0.613517182145
0.352874603631
0.743806953331
0.999999342314
0.825868265193
0.46512441201
0.782912213745
0.235568598158
0.949729411355
0.932931728086
0.828327371146
0.148587270398
0.265827491821
0.806730642328
0.999503545929
0.571124786963
0.0478441689377
0.712942052598
0.955461116985
0.880875414358
0.999417789752
0.923813933457
0.869628627103
0.593344989584
0.986144404067
0.89386886051
0.569246256751
0.196908469348
0.797844304883
0.962118034397
0.688657930543
0.996285903863
0.999550700138
0.997021712386
0.758612799261
0.69508504158
0.939855191851
0.610692613975
0.7460563244
0.365678485642
0.390712758655
0.993574839084
0.710605013859
0.998560825201
0.288278003736
0.9545038809
0.999765425131
0.545421406825
0.988632849224
0.876231238187
0.998067033068
0.902134843719
0.708966333223
0.630714883126
0.959169800881
0.875861817898
0.996717680771
0.480100595754
0.945631642148
0.999296814376
0.107922064538
0.997287517046
0.514134951776
0.999995454671
0.322815918682
0.994107352529
0.845991386033
0.999944555572
0.206228102376
0.920004397455
0.935622222361
0.884014765132
0.946215839376
0.96253833333
0.998585718955
0.35931217216
0.795420362256
0.999483724895
0.0723577743286
0.877321455378
0.347947757671
0.869848985571
0.941336833236
0.918127769713
0.98388628577
0.999807675921
0.697062413747
0.4705222759
0.816619256953
0.999198391464
0.93860424669
0.881397421184
0.995357088891
0.743264221454
0.339215468403
0.933833425134
0.944046040141
0.999214928631
0.180275928185
0.978171088614
0.725574732985
0.86540581566
0.991330472493
0.755142175913
0.404554325437
0.888724008437
0.325801240754
0.416547296669
0.985877695356
0.500790134966
0.949841584554
0.8045806115
0.8640764003
0.303124497147
0.993355548416
0.89744367691
0.474653216072
0.999677450628
0.77503414247
0.8569605178
0.715422453052
0.999868344623
0.295172566642
0.0984707485909
0.417231779618
0.997761127215
0.971500749819
0.653688545759
0.532629903386
0.732782623195
0.925830065414
0.392935268321
0.874815031222
0.74302939371
0.887514591576
0.901853350533
0.999999933267
0.99972651567
0.986111192898
0.771930537538
0.0567574154064
0.961059645384
0.960908718621
0.99896041944
0.949233706299
0.530827968796
0.276142247917
0.0506842640617
0.1472426958
0.951946183199
0.946056975581
0.663645326933
0.222531437067
0.230052798093
0.922914773252
0.98130807444
0.999967554977
0.598500164542
0.996342475961
0.49042203937
0.981512894912
0.91380134585
0.961419997028
0.148101204738
0.736300187061
0.768157095193
0.998098895533
0.708856338079
0.945046378459
0.96830414699
0.113568843556
0.0705766304866
0.244480276221
0.961682969858
0.149171384295
0.951127302218
0.884989387074
0.750367986027
0.915895699289
0.526149532935
0.942213294543
0.999921947983
0.325789509498
0.995497778988
0.922126885669
0.952964658803
0.687669580286
0.645705295792
0.791027625115
0.82469508648
0.587865402161
0.923534894959
0.000222110389807
0.98618658938
0.99502993184
0.912037278805
0.767864512593
0.874410829441
0.989101280151
0.945194541362
0.967127196392
0.983747919573
0.825711693722
0.62141392033
0.934664417518
0.944085816927
0.662370256056
0.906655219461
0.992127688444
0.91847231826
0.653670627342
0.159066989266
0.538418260955
0.899472611696
0.676629300244
0.988852491213
0.0697785017436
0.407485029252
0.987618538116
0.994744363267
0.939109344033
0.991964422238
0.974050716086
0.988162483099
0.151018735215
0.414106503538
0.000430488896612
0.992429731282
0.519
0.99996671946
0.786926697951
0.172023378978
0.968084847649
0.465655185337
0.677457750838
0.295489210267
0.999370101566
0.954401198635
0.83738357821
0.999226229222
0.35431604409
0.971175998178
0.962630058323
0.18658840716
0.703436059342
0.859389675528
0.546608742999
0.994465299565
0.99985058479
0.532433894919
0.0668608519172
0.999926357267
0.941667067019
0.39554529553
0.00788369462594
0.0956678054973
0.875937371467
0.518990929913
0.986645808921
0.999999999301
0.464004200662
0.968193283149
0.710059723967
0.84268946186
0.0311604852323
0.999992186987
0.985418370963
0.461176428225
0.999935367835
0.975265964742
0.967750213683
0.874102873652
0.890656964567
0.276256257986
0.989597658552
0.349373200784
0.816292644087
0.109927501534
0.912635948312
0.797506856606
0.258204091669
0.403887103205
0.132493164366
0.937234485223
0.408883774207
0.308718149715
0.00253685911888
0.905966451654
0.999967280307
0.91870335631
0.994002395109
0.942163902755
0.999887315363
0.50443993021
0.993765582803
0.884708119499
0.549425291386
0.994809190231
0.999976751992
0.931693901323
0.367918013614
0.949988943411
0.712059087138
0.99142332065
0.964204660138
0.255234063543
0.999999962095
0.947721941116
0.492882170386
0.98985677636
0.767319875268
0.975189164992
0.121438318348
0.84692843722
0.668306231279
0.926188481694
0.993162555477
0.840108891149
0.8886411259
0.931072489998
0.915455156498
0.855218980865
0.663413683265
0.203121541756
0.972405981468
0.960907618788
0.552122464605
0.395306027096
0.791102220781
0.583751550456
0.940167646697
0.129928328379
0.213819026202
0.668597326686
0.983818676417
0.599760076709
0.665789111872
0.360278576419
0.661149369153
0.769521698552
0.732726642037
0.978164497988
0.938599675894
0.997957372107
0.0624910157157
0.996436665182
0.46362621835
0.09636636514
0.927238510053
0.325015110753
0.412136718405
0.939649148079
0.999998984042
0.929416749981
0.0872181605767
0.997179081361
0.0100768037926
0.0795665726162
0.996811404998
0.870720348607
0.999996651408
0.0824719623326
0.321387567327
0.800170762193
0.115489686381
0.983079039573
0.741211138223
0.986780524569
0.836803379765
0.849561853198
0.515106083445
0.95128392845
0.97682918892
0.644170153637
0.103016429283
0.974284740556
0.264153265806
0.759885474073
0.999921444807
0.820834890868
0.777749200817
0.999811007571
0.086899386506
0.999818354822
0.60190135303
0.743467028301
0.775341086593
0.837981088279
0.996845759563
0.887191761314
0.0216942131913
0.829481662871
0.285675848481
0.999911051203
0.307720819902
0.948034156756
0.23809550787
0.520031442808
0.995424870274
0.924952002691
0.345579333638
0.748879004541
0.999050994841
0.360442608882
0.714829618658
0.375830949309
0.982317118889
0.891788632874
0.999413593335
0.991363703127
0.360197122994
0.634186503947
0.662734889959
0.982373315414
0.480984424671
0.942467031656
0.811775056214
0.130580368887
0.0115701383194
0.359584490761
0.934987598566
0.907183518089
0.812829531909
0.922522428342
0.967514618948
0.885031206202
0.986444762335
0.996662069681
0.936988119042
0.533562187605
0.999975790057
0.0410885902499
0.597865322922
0.855564692125
0.936222364062
0.987913972805
0.975325701479
0.849254455297
0.99724493353
0.999920826131
0.983863326451
0.789040199482
0.980454329753
0.453510182038
0.264340893682
0.993772866685
0.622171395221
0.999949590506
0.919153754615
0.902952913174
0.970040727709
0.6574
0.430036058212
0.983765841836
0.214404690018
0.778514195929
0.918310289559
0.989121077575
0.372064393547
0.843546096759
0.266295650427
0.905006701868
0.643272643741
0.991240470428
0.778015596478
0.999928930578
0.999778274413
0.995554859141
0.78435968277
0.950946320735
0.266922610905
0.807818144093
0.945879444539
0.977573492883
0.750691919186
0.996495602234
0.430633059539
0.9736127473
0.810602213552
0.942303767127
0.950840525982
0.970232114016
0.908880240495
0.937496629758
0.840562362308
0.588073264942
0.388026053624
0.378376808851
0.187187134425
0.898043064877
0.737005267333
0.794656963908
0.983890287745
0.997243514656
0.998785139411
0.545230980147
0.914430029547
0.882532737536
0.467092667428
0.7465888898
0.908014543014
0.911335725403
0.0565653590022
0.989660843696
0.925689667778
0.23599352545
0.99897098779
0.689130198888
0.647390158764
0.998975415808
0.420420319526
0.859316513785
0.610349620996
0.211807069687
0.661744459017
0.506151786256
0.975759766026
0.925422471657
0.989842707192
0.982891943722
0.881126760689
0.367251850926
0.985985071625
0.838793186236
0.548469579516
0.768650726381
0.944283653333
0.0815805413197
0.991084966955
0.942030483505
0.97411235261
0.944623550383
0.0618677334068
0.62446727379
0.99997400079
0.270780658517
0.73021025417
0.676274871425
0.269078683522
0.71206323675
0.969663775705
0.884999973884
0.519393181022
0.936882327435
0.999858061814
0.692081428437
0.991951323671
0.731373920897
0.86367191666
0.999816990372
0.175862075748
0.900398205394
0.999689418268
0.98833756098
0.324718923382
0.807536249689
0.610653480443
0.997568300488
0.416393216744
0.366941402928
0.99852704643
0.779913941393
0.419419339571
0.926749925586
0.57378694203
0.261229900832
0.0906167071418
0.84414074367
0.0237534604001
0.791563790926
0.643050012226
0.955646041331
0.966651688306
0.955818888156
0.108304906144
0.958357919262
0.981089304755
0.413557578259
0.978960733849
0.956787858556
0.760727624703
0.388594313116
0.862599741326
0.999235598424
0.997563119308
0.230573182397
0.83113072633
0.930525124217
0.757271672145
0.73349374944
0.991048496375
0.497101253687
0.920779796856
0.998819671108
0.887953761145
0.0435285568865
0.627836258994
0.855984582399
0.227445692981
0.905777168759
0.913132988255
0.98653312359
0.492644027461
0.107272852221
0.974935180776
0.597770295272
0.999901943298
0.901165902801
0.826637061523
0.00428167931803
0.987582187204
0.498310347654
0.883319529365
0.392685120496
0.726113451897
0.988472149864
0.999971630295
0.982081609106
0.265036852281
0.72796221336
0.986674443154
0.813457442248
0.412363396738
0.900154398214
0.997577888679
0.999836622138
0.0120621540438
0.0450587342389
0.932659247929
0.999822546776
0.945665079058
0.956894074266
0.999451931705
0.99819260681
0.0624937667212
0.644133375004
0.999518325423
0.998862296931
0.999903973565
0.185523651621
0.828851900748
0.893995174154
0.930945881725
0.977869223297
0.848929718571
0.174168012212
0.161664038629
0.993334017484
0.993477352465
0.530083503609
0.95017931212
0.999901650144
0.491722527904
0.518443188148
0.984527476484
0.983347908692
0.190921713572
0.783158152583
0.981686691621
0.24708823289
0.42236146081
0.708288541119
0.90786976917
0.884673092893
0.999996298781
0.985076300593
0.761694079905
0.954674680838
0.996530532972
0.97102239548
0.661796406941
0.940365070674
0.852125292758
0.996207939578
0.979172828918
0.921314994855
0.989688696375
0.986641686143
0.5
0.995802339958
0.93792215573
0.98165995838
0.417962768327
0.767670026878
0.796631240156
0.473785766594
0.44724764695
0.870142981857
0.999267398384
0.38485932909
0.683196761609
0.853789625782
0.0342474364978
0.941888635251
0.498845480284
0.996572972775
0.902177030608
0.953118368726
0.999993107207
0.137765052083
0.748869521958
0.396276646171
0.908920544709
0.708737914392
0.487191969045
0.948213638238
0.947544847208
0.295797065241
0.722802289503
0.914702239651
0.921459544146
0.464002245007
0.734803552373
0.422206587277
0.832941937218
0.584228256054
0.29435279637
0.995527398306
0.404461562358
0.998722823526
0.899752296722
0.316248544148
0.19574309083
0.978481931424
0.46766102292
0.815309301481
0.989798131689
0.774937429867
0.637185627312
0.414828222822
0.999591514609
0.674760410608
0.979168360056
0.513825644419
0.27555242357
0.954955170666
0.999775352713
0.999350899248
0.872824254202
0.322821203276
0.999158962643
0.564226519562
0.910181648364
0.917698593067
0.922313324263
0.959849864349
0.404304618275
0.971865724404
0.820298260052
0.977364476054
0.895767467957
0.843016061018
0.592557485727
0.682892143888
0.765851611347
0.839575572579
0.689735768455
0.100444862201
0.575637424797
0.758318468384
0.904549201676
0.643805161317
0.871010512687
0.778930670876
0.887453971521
0.999660825649
0.970700816664
0.82079003975
0.999892203645
0.847288814967
0.976093713178
0.690562603468
0.570160909824
0.989396780385
0.022813793425
0.903928788488
0.282884832679
0.278423271111
0.996176633358
0.0752938779363
0.99076276072
0.926268567443
0.115170206383
0.725736657411
0.999157095131
0.528580520869
0.998455063156
0.202944703363
0.120011543039
0.949972030148
0.948644183696
0.999252113325
0.999691739594
0.908868772784
0.999995245913
0.480319277906
0.999821170881
0.326799530715
0.866376254583
0.38338644299
0.999933831179
0.99688643544
0.973590905142
0.642645639129
0.699122455257
0.73537514805
0.155653668351
0.704529228676
0.00283215029924
0.252443161226
0.499868330368
0.0218609771985
0.346844882175
0.0153157725256
0.0874521512471
0.00334123343488
0.122326263943
0.0121191213338
0.0734626187368
0.0055799884414
0.00051176280307
0.14193315282
0.590602710907
0.984813302507
0.453208452777
0.932641179083
0.108961797058
0.000147868166309
0.0745157352408
0.429084282989
0.327135189847
0.0163768910382
0.996137962818
0.00479595179339
0.985860150304
0.0978101196834
0.047243068227
0.000182071551285
6.22457762874e-05
0.00298284778391
0.107785965265
0.108321472078
0.0521404234888
0.484112501381
0.00323354698846
0.167800027756
0.0137899502867
0.00736540304565
0.000455169497761
0.546823271255
0.101200717005
1.01975396493e-06
0.910190261294
0.3964287091
0.145318308273
0.0106732455881
0.000640813703637
0.0200935691135
0.0213335340247
5.55412285995e-05
0.137265914491
0.636892682127
0.997195895507
0.184835103932
0.0193857524782
0.300438908692
0.681597325379
0.000312508999324
0.0455727418887
0.00199420230427
0.102190998921
0.0102244600761
0.0284816214866
0.0389327442123
0.00560028606203
0.00266095834631
7.20197176109e-05
0.427060992318
0.275893841451
0.227618639401
4.99449825248e-05
0.417784710418
0.0589797372382
0.066832557162
0.0319858443106
0.584538231074
0.00469045806057
0.837722709855
0.035305807754
0.926874035881
0.212330235721
0.0950689057803
8.96549372128e-05
0.000322430929201
0.257582504856
0.0258533156442
0.498764432928
0.10457528405
0.266033885814
2.12389184763e-05
0.0572420579855
0.0682377837535
0.222781925302
0.0446252652467
0.0406086673826
0.000383067893702
0.012131188394
0.783838144811
0.105399840478
0.000147202625621
0.408605388407
0.832058249172
0.884345798221
0.00341581361141
0.0228214619282
0.316271734491
0.548485054334
0.000839680739198
3.95143916988e-05
0.29417096793
0.752326417416
0.0639409493374
0.428122695919
0.0192954192549
0.0534386886938
0.0110157886924
0.0415553759344
0.174352516691
0.0263200206732
0.0930917287278
0.0164968771625
0.128709575455
0.135338939166
0.963418105487
0.0476764778151
0.0130232226916
0.50167062964
0.00202185646683
0.223342370781
0.402906243891
0.0185713608034
0.0118663650308
0.605191709592
0.00575536178639
0.466167841374
0.305010113604
0.385578533191
0.463307477674
0.42527790341
8.13113238285e-06
2.35099003649e-05
0.273573996479
0.00027816936295
0.990351032112
0.0156450377968
0.493148371964
0.113931590066
9.97060427822e-05
4.60017211391e-05
6.38264665502e-06
2.71928225303e-05
0.00573653740176
0.834113866841
0.00496825766213
0.126455978403
0.130218876518
0.321736038691
0.262761330792
0.013403460972
0.230212811851
0.570634717558
0.0129722729443
0.00725183553001
0.609055437655
8.24765651373e-06
4.87625486628e-06
0.359486601787
0.493968026226
0.00695340845243
0.947881895648
0.00849985319903
0.900402451505
0.617245081148
0.184723678148
0.000347630365718
0.311328710225
0.792612269369
0.217835010737
0.263865067794
0.997572416383
0.447928485307
0.000453096956453
0.105581168225
0.28247409399
0.0200708309649
0.00256586976583
0.783337181109
0.0287535788924
0.157054442393
0.0110121341256
0.0249840657556
0.000102838303859
0.194935441132
0.983580622363
0.126578463899
0.803435864134
0.0286634691508
0.928343498899
0.000359896157794
0.00165332723018
0.0443488593274
6.23827894814e-05
0.0105274499664
0.337683076255
0.0549181907666
0.0339315373044
0.0339465493384
0.00849985319903
0.000251200348989
0.0448892970955
0.229567450175
0.557843458718
0.00882379871087
0.957156656443
0.0486639616604
0.119589483447
0.121036320383
0.242322398005
0.0120426303214
0.0912479319832
0.636420643825
0.00991763376817
0.0131179099902
0.00196149180869
0.1535665263
0.115862037147
0.097514959407
0.000531793780429
0.0536566250836
0.0837433837678
0.476498930569
0.995208484793
0.0794875941407
2.18916298481e-05
0.241147802507
0.148898358913
0.0823701061783
7.33673087471e-05
0.851331633861
0.0471207323459
0.101073692498
0.127384578572
0.0633443495816
3.91870366111e-05
0.226019859802
0.0558010790253
0.412838901852
0.310210736425
0.420849072213
0.157025526606
0.0339315373044
0.431227860317
0.0044400923607
0.112047327594
0.000784694204865
0.00388700002019
0.914057847593
0.0172643854427
0.273222689584
0.000363185186674
0.00977361993341
0.153999457357
0.37539823713
0.0997732696985
0.0111307953033
0.0115157606156
0.00167926983969
0.0304761059287
0.471995423682
0.000336839791869
0.945129856854
0.00454760310665
0.00383929653108
0.0001502050923
0.00821485759356
0.0156084278436
0.000529811750351
0.138095116931
0.547302332534
0.00581426421969
0.0261643695011
0.319181179376
0.0967368297329
0.000295415255111
0.00821410550516
0.151475008178
0.714029093412
0.756144181264
0.010299087244
0.0421023258588
7.05515402426e-06
0.0413665050349
0.880119603589
1.13692992695e-05
0.0562955040617
0.398478648825
0.073155420513
0.000857985825251
0.204027266611
0.0774261480412
0.00218412073764
0.210952486348
0.103638967103
0.0436098459581
0.695688791906
0.213174472187
0.219247568296
0.00146688623092
0.14331848757
0.754233908229
0.00259654400319
0.164885181902
0.528682593769
0.720554228371
0.817530255169
0.000697295471849
0.506164112702
7.34358289476e-05
0.109956074834
0.000266605499856
0.749772431381
0.45736138307
0.968315039125
0.031265308992
0.321498665533
0.245697277805
0.00367013600426
0.011382904562
0.0866605396559
0.739920433424
0.920131354235
0.0378159948981
0.623516534245
0.296118601816
0.12128707321
0.162516268477
0.076503991442
0.0431986589737
0.0270100338106
0.0174436924256
0.000305570994815
0.901394161782
0.0318431408773
0.621502962911
0.241809487215
0.201239180999
0.160998016252
0.0258129404081
0.000618668348656
0.885962583255
0.103228146002
0.471827526579
0.0274901945808
0.000261753564163
0.505344560498
0.430770940302
0.991872272536
0.0115908029574
0.47490132116
0.357590965011
0.00713447590925
0.0545853177743
0.535292398276
0.180944778819
0.000146755893254
0.603275118894
0.108143542444
2.76962921849e-05
0.344185342134
0.133146014453
0.0251069105664
0.979537702982
0.221666042629
0.76790125416
0.0232001292
0.0020221308074
0.0324935905849
0.577824030479
0.000222910349457
0.0103558979618
0.00116177209489
0.374657053925
0.0256157835753
0.0132831120614
0.00299663907985
0.34021280548
0.375329255522
0.288499737641
0.634784681514
0.327139423057
5.85128685649e-05
0.000938302051553
0.000201584154116
0.553055412622
2.81714061729e-05
0.0139255596275
0.613555890842
0.358918482724
0.00792575305974
0.00372760890379
0.18710746792
0.0106221746176
0.00429105982261
0.00392493813957
0.0462285391188
0.00304805375219
0.0480209587616
0.0738353217099
0.687066401389
0.0271156406545
0.0542597685755
0.00132303671159
0.93978893379
0.180487720113
0.00716566059674
0.446288914204
0.0198261622912
0.0319600860679
0.149357480139
0.00703278207154
0.0935568667121
0.991729783212
1.949447554e-06
0.951876916994
0.125505270285
0.586678350936
0.895323441675
0.213592121967
0.429924585486
0.662185800515
0.0101824076995
0.254113976494
0.00694927674789
0.549192409156
0.000168372007577
0.0102311688364
0.00017392668456
0.000142245794486
0.0098635011434
0.00732529890065
0.401134096201
0.0020318721651
0.748418228107
0.00300460480174
0.685655059113
0.00180134595288
0.032856166808
0.0992323432757
0.639081872666
0.0395665649565
0.651814268261
0.906417442525
0.032060533236
0.628235874518
0.487628407839
0.00037574049622
0.00102031959027
0.595720180091
0.206854068007
0.958693351769
0.539011113357
0.23277629344
0.29118970865
0.0132330310626
0.0128043965792
0.0230663705537
0.772349330339
0.209223660592
0.142249546688
0.263843043099
0.217407848961
0.168016809447
2.33899227656e-07
0.480161640288
0.00367797094217
0.0503292631039
0.192372086668
0.068498375308
0.00368095956649
0.000154531706077
0.0261915592021
0.000356995339535
0.546662162812
0.17903001759
0.0401551558123
0.442761634586
0.37098907037
0.62387593094
0.3404080509
0.760409572619
0.28108976404
0.149811837532
0.0208676678989
0.245159818209
0.0902550001221
2.84908133153e-05
0.00783635442458
0.000802646180377
0.454249020498
0.00393422259535
0.0900765918381
0.021768817974
0.249479907494
0.00070368105971
0.901041933755
0.655245776603
0.228303166625
0.15934842727
0.0138646884053
0.0851402469516
0.00200621501427
0.000638797953998
0.488237995823
0.949617093435
0.0913172765504
0.00222738241305
0.155085785164
0.766412476422
0.296464897443
0.0549326048372
0.0318218303317
0.652958135404
0.00162675052401
0.347172798863
0.292821675364
0.813655468941
0.624967377912
0.457130079124
0.000188577201693
4.93011079652e-05
0.812547200056
0.189724177909
0.424800848788
0.104443264219
0.0338539204747
0.000441131778618
0.228319466059
0.0815505168676
0.454253116541
0.0208288043074
0.00544756643571
0.0510493831884
0.877296677821
0.58945420028
0.000925262622298
0.00160849322109
0.488100763176
0.920405097
0.000838687533529
0.737859742149
0.204666893317
0.884296731983
0.618677907379
0.000189928481169
0.00658408027675
0.0266177519127
0.811508776957
0.000111037461487
0.999992123317
0.047168152175
0.0212019704732
0.0773803269025
0.947302447682
0.432965642403
0.0940873220471
0.920556670398
0.0659411598908
0.468376072025
0.028060678126
0.000745079931598
0.000388980394488
0.00779544699638
0.0376252247374
3.45318511431e-07
0.619242314629
0.0439136496112
0.989796610775
0.000285322349871
0.673356932837
0.461661141553
0.0124635227775
0.00449419956873
0.541498506907
0.220832971441
0.00931051049881
0.000650259448121
0.000809869092815
0.0694861707543
0.0135781739672
0.1729689663
0.00625752198255
0.591372816984
0.683090677136
0.811609713661
0.0373732318209
0.117444585255
0.976231399999
0.993341452808
0.686655395149
4.23422070002e-06
0.0403571979574
0.74617277487
0.000470880010931
1.23534741546e-06
0.112240744908
0.0026161900458
0.450385344455
0.360426053627
0.0375058313937
0.000211106155889
0.216131733643
0.106518452174
0.999078208559
0.925592954812
0.808375472436
2.02295752645e-05
0.0610687498959
0.82395176562
0.831484555549
0.190344728142
0.127646187501
0.628217192863
0.0621869467108
0.00687146409685
0.0102564510068
0.347755721666
0.0285760286933
0.428523103699
0.988732835413
0.00779638476081
0.881952932408
0.0997666761642
0.0944661084388
0.000149083412654
0.00211336491349
5.72618745279e-05
0.629908472297
0.171759560539
0.321315202239
0.206412985349
0.086716438586
0.149413865154
0.84016745121
1.04344325296e-05
0.00321697517321
0.683019527356
0.28299113092
0.853261013755
0.205708513985
0.950012194986
0.74363675969
0.338281818214
0.0278573594261
0.0595379546708
0.000694323437747
0.0727807437495
0.311297771619
0.00709657173883
0.847036531992
0.283780523549
0.0341853607153
0.022260106391
0.022995417752
0.335667627636
0.990526748273
0.0350453657405
0.520849484381
0.00451330233139
0.0100896156819
0.932623510787
0.109413287809
0.0642339204523
0.00931351384221
0.914387706519
0.000685047981781
0.184800064335
2.25857057413e-06
0.0430106247832
0.007847860855
0.00116821564764
0.0901252601396
0.162716365291
0.0503264690921
0.0844509545903
0.0391107265285
0.0189508449333
0.00157901894576
0.618859088823
0.245025930665
0.388607858044
0.623575278938
0.267248772323
0.0145980930204
0.00164112631043
0.0343820218943
0.197024520958
0.0632656777546
0.106343620578
4.84340540269e-05
0.0769804658045
0.460261130505
0.263679554516
0.58837339302
0.00330562233319
0.0830885291996
0.200056735786
0.302955429082
0.721252621163
0.400980324088
0.0104004921612
0.139228556442
0.0220421850884
0.931690561594
0.082731748372
0.00548829395657
0.299284018149
0.168547289351
0.091543253858
0.280734585448
0.00825307564288
0.00268366711339
0.0373934337696
0.020396516338
0.0743572366549
0.884859151433
1.2671902343e-05
7.54715800824e-06
0.042390183843
0.141276219966
0.161599282043
0.461027749614
0.60017046236
0.835018014146
0.0820149524645
0.0995251071872
0.948042963318
0.038823782428
0.99051761347
0.189040697429
0.00214662073925
0.509415112355
0.00251021039476
0.0952284136067
0.687598190456
0.0597926899636
0.000541107522873
0.923770234395
0.00216609363764
0.0488337237781
0.591738558309
0.223452256859
0.585537886761
0.267627545782
0.285104859915
0.165890592202
0.0853879771872
0.411158712362
0.863274236609
0.0820431901375
0.291323431594
0.0170030792504
0.0142064487447
0.854892215225
0.539129067287
0.0480291290084
0.0115989254841
0.0849759486592
0.0109654652858
0.00395460612676
0.472719836975
0.0122707500012
0.0332240188056
0.437908482063
0.732101910551
0.000917972529349
0.992027172785
0.159022618068
0.0546412833083
0.00970499627714
0.0635277436785
9.78781679483e-08
0.864375986429
0.350372785061
0.971437600769
0.0091600403051
0.00127495801799
0.0908285988123
0.0213394617846
0.000338167758703
0.375858010441
0.0130772353267
0.799945741411
0.00247765043396
0.00968089745361
0.168959514393
0.56136743741
0.0531262336264
0.00467765481661
0.399752007414
0.00408225503921
0.000350122250221
0.290507771788
0.0263069607404
0.15078723287
0.362796242624
0.00648957206456
0.149162776119
0.2520510172
0.607127430187
0.0103282136949
0.0531168220455
0.00876571936215
0.223385876329
0.00112762332246
0.196228846001
0.0952025243557
0.00622436825249
0.0377655152193
0.0962575820443
0.597835706308
0.0022870145717
0.224049421433
0.842304065067
0.599000477954
0.323909534948
0.0113460885996
0.292343706723
0.758032713668
0.262263459327
0.16494837166
0.106190496143
0.336557542287
0.341873716387
0.170345880117
0.000671091523133
0.376980033951
0.00493919439762
0.286911066587
0.0623461936912
0.0215215474089
0.188254526414
0.0953351696467
2.38797925045e-05
0.00591568025512
0.0538839525629
0.255225315424
0.00527342277151
0.255882327986
0.0725597916085
0.428247756204
0.00332750244223
0.0104046276164
0.00826214006191
0.000379674449028
0.644881987702
0.00246355182213
0.5
0.672692791848
0.929819075935
0.0263619618335
0.000378049621745
0.441826754491
0.101070504303
0.0407416152315
0.0664653191306
0.00419946348302
0.762725266185
0.00592411265778
0.0174234220007
0.537120139417
0.322318090157
0.10142640581
0.585582259143
0.583999787767
0.013790695147
0.135188882242
0.668950213398
0.00267025457128
0.247577099072
0.00132263840868
0.00692459013104
0.051360088521
0.0172194000645
0.014529914212
0.301774179467
0.0198092718156
0.00140445069813
0.900647059887
0.00367799432909
0.0663127031283
0.0901257751797
0.387257168293
0.459948027369
0.00568738435981
0.300292411301
0.0962039174701
0.00121563890871
0.0282719960209
0.45004192812
0.0015155863579
0.168746229933
0.0259741279862
0.0685298466912
0.00168683668678
0.233044044532
0.272273157959
0.369620682575
0.218434012758
0.484060373873
0.0508376684922
0.952186352671
0.880151201369
0.00181364324765
0.946047863549
0.857759982927
0.00320500682738
0.0261451457139
0.839604123883
0.396209552331
3.80641985128e-05
0.552595886463
0.803006425744
0.0214586954846
0.00510299737617
0.985502517449
0.0306422668307
0.139588475068
0.0526757008491
0.031030127266
0.0166690748569
0.00560019030635
0.308345477215
0.131641119907
0.0449340317005
0.430087538252
0.0389007949401
0.0197070617359
0.948282946373
0.0282085563288
0.938380984575
0.0178630764114
0.00238988760033
0.996065960094
0.626814941213
0.0204755503935
0.158393290592
0.00131420942711
0.444460765247
0.254440057506
0.0165538001753
0.114284435107
0.501583395251
2.9314806069e-05
0.0611953977022
0.834837627446
0.585393169438
0.42355766857
0.170626701755
0.789431024918
1.00670663864e-05
0.00492018390569
0.291947910653
0.636662532852
0.823561308785
0.602754891069
0.755295481922
0.000456780056747
0.256910104035
0.00478266414757
0.00765964509243
0.389086508109
0.157877649393
0.997817292046
0.0465571721647
0.11999245678
0.0531074344899
0.000154427037344
0.456770963061
0.00947070018509
0.657202236996
0.672693926366
0.193557656027
0.344045774921
0.468326488131
0.0581035910941
0.00630653552703
0.00244018592244
0.346763862294
0.0311543815578
0.250002407297
0.0666175705952
0.00469154366226
0.136751026845
0.0120401281447
0.352285932644
0.382490343732
0.0400924254655
0.396983624283
0.351305866928
0.494974300485
0.00500332340455
0.00239053768398
0.627728904816
0.227779776407
0.00429993797645
0.32227297932
0.0232989575594
0.000114282195688
0.0560321378991
0.313027943547
0.227559306152
0.00695378107102
0.990391453979
0.567541977882
0.920098327319
0.000276468100903
0.0690130116474
0.388039912796
0.146589945349
0.207998710291
0.0504098720979
0.39206353115
0.0999749206019
0.104996457863
0.15891375303
0.0593187449039
0.626371153659
0.334448673775
0.0334428716838
4.5733770853e-05
0.0290058600755
0.514797049444
0.000271992231035
0.653754799971
0.0467271146138
0.724876134519
0.299498408784
0.302991716704
0.00686338080186
0.00927361910071
0.538406346777
0.197509852165
0.00881962976083
0.0417118592273
0.837807927127
0.449323918747
0.035342288847
0.0106006724053
0.00900098867702
0.262215474977
0.0394091396229
0.7888674393
0.00188870290314
0.551136084275
0.788077717582
0.583396420956
0.69191212046
0.601960054195
8.1012854911e-06
0.0363696258673
0.00165184344372
0.995650822843
0.089754467999
0.865401561421
0.00016953118795
0.959279779345
0.00185106030255
1.53818578755e-05
1.75714674592e-05
0.0011437771543
0.55335600739
0.000146755893254
0.00478930131674
0.421193771691
1.28135499753e-06
0.110278115532
0.58429674187
0.730685730137
0.129681989434
0.536517427711
0.277331216631
0.641487082807
0.0021371352978
0.407573382254
0.00856428688323
0.0307978191043
0.863081711801
0.0140304921757
1.74549486431e-05
0.000122383588514
0.229048031604
0.66406860916
0.165072281614
0.000635689538825
0.423548456651
0.00306327001298
0.0572852635975
0.276206870589
0.0616780237874
0.429478715761
0.202535511197
0.196179570787
0.746269365405
1.14454582781e-07
0.32299402254
0.000989477382448
0.0242336133339
0.252548112266
0.104388856488
0.88192236036
0.00696723385046
0.998473884887
0.704867251188
0.0133127979383
0.0628111532107
0.148177219823
0.197233391668
0.0575170972723
0.0067219300577
0.165692216205
0.00918920584641
0.00638161444717
0.535633202381
0.0762116752696
0.000528478620771
0.0375909582635
0.0334496380303
0.184415321548
0.0134771682708
0.944329539705
0.0453446301094
0.109011311759
0.409304659478
0.948854270204
0.346745754578
0.473808953849
0.337469873424
0.00437196807569
0.00145794293499
0.000457876745645
0.0807474663464
0.796798954261
0.00233227684559
0.206075353525
0.0110533726571
0.319547190874
0.990009589721
0.296215153525
0.0296244524273
0.0105489856992
0.912928467312
0.989173566726
0.0199953775013
0.00143849305953
0.0201232462381
0.0919375440665
0.000120594044979
0.857012305068
0.0102321641876
0.0284839564707
0.968400903383
0.962584507938
0.81580706725
0.027596382256
0.412807528435
0.00374110960308
0.852481210685
0.0585469840648
0.240435143493
0.342168004261
0.481469803817
0.258609570448
0.0214486320169
0.818369625445
0.107410361319
0.150842976762
0.0116752347247
0.916145023681
0.165198443721
0.00497268411705
0.119679632166
0.119055621593
4.30562238145e-07
0.00389783553522
0.05785794781
0.929320376294
0.189342673356
0.0341559189543
0.0248136006651
0.00754217708761
0.946461439405
0.175142365264
0.541440201197
0.382121898069
0.617310960097
0.00338383887558
0.212368318514
0.0141770225838
6.40342246271e-05
0.62566097561
0.00924358995797
0.0707204359245
0.994679662873
0.977707021514
0.0107143828677
0.297668658434
0.0778775294435
0.000488667894422
0.577910193779
0.0151252102075
0.0254593740721
0.076226574418
0.170421970209
0.820939597336
0.996483140162
0.00385358737316
0.0288849227372
0.272520667991
0.000641271145966
0.057176261151
0.468017527
0.0869806876576
2.65885592346e-05
0.112362411156
0.0134420739819
0.12227892874
0.000459000770403
0.0181323585338
0.00237531954563
1.36307662495e-08
0.0565418979193
0.0389690458526
1.61834681575e-05
0.596690138725
0.00163329022999
0.40167047465
0.0542872520402
0.948627348853
0.000967499613017
0.035431546462
0.837384608041
0.621997829225
0.0814940633579
0.0115115921689
0.00105985923051
0.00257531108982
0.172398888529
0.0297258498652
0.12200117238
0.0136842911355
0.535889500808
0.767690028199
0.013050675592
0.688129017797
0.0127932599336
0.213642239863
0.0730053879505
0.316470575906
0.00929307098509
0.363300169699
0.410633182231
0.821590406712
0.5
0.0103110013339
0.00529649936044
0.0164677472805
0.140503195444
0.343217978034
0.335678055156
0.00944294760088
3.09989189197e-06
0.00029896616679
0.018523108487
0.023204971964
0.00421137056748
0.0651279229355
0.142091257932
0.284315131195
0.049722548511
0.18008800532
0.0441632554169
0.0161063111321
0.322616180566
0.0982504703801
0.0167458701565
0.203631184766
0.00415333782974
0.988265062925
0.0205456501023
0.61569691856
0.923270261605
0.0139426701196
0.00196946133118
0.100009863266
0.0374876204695
0.1313004092
0.280885486875
3.65534071466e-05
0.995185907298
0.012737353407
0.0578010919443
0.0043317742285
0.00341262683358
0.00136241201027
0.422419788723
0.00456291817399
0.326437282626
0.0814382989995
0.00621814377546
0.00192182643847
0.288995575185
0.134951763272
0.0878865567368
0.263649414552
0.352186739333
0.00195126750512
0.126855971266
0.00263777993527
0.559910026255
0.333886635316
0.00116423090847
0.813600227659
0.00365577713662
0.333978987686
0.362475196694
0.915367270501
0.00111564696959
0.581086133636
0.999804573567
0.000958789577683
0.0112360952118
0.048926823404
0.0268770704191
0.0316030718427
0.0386398183909
0.111960640324
0.394191663332
0.0401878210531
0.00505920043242
0.518875183888
0.575331379055
0.00192597692904
0.0556276639972
0.876195017278
0.724810313634
0.00254187179033
5.55081709032e-05
0.159815850735
0.023829451558
0.82378272532
0.822808989796
0.145590169766
0.295807487959
0.0166889392817
0.000167812340519
0.000795510217584
0.00682368503362
0.0288912803738
0.233465503277
0.0459916065886
0.0114769500161
0.000122392162351
0.139066155794
0.0168532745806
0.202689825526
0.0332499224544
0.427420694495
0.116853717064
1.10435232261e-05
6.77334441986e-05
0.088019070448
6.46990618051e-05
0.155408132813
0.0636411836354
0.0417878772003
0.0444404720106
0.000516170443672
0.0838983724446
0.106005818225
0.618987719286
0.0134633544396
0.208943751754
0.122135710683
0.0452046021095
0.0112161690827
0.00146227418228
0.000165035286218
0.00674827394744
0.124169501243
0.839481977699
0.772576789925
0.034709888547
0.279560839205
0.993666928463
0.0298359872883
0.000541178039431
0.581114746879
0.860762261994
0.000791243331857
0.0536023780852
0.0723532102449
0.068852432574
0.0154353811584
0.0521040208431
0.0186876394589
0.0334497432414
0.00250656788573
0.145189315726
0.460544674506
0.478270591041
0.494223042069
0.162744390013
0.41544998517
0.000396274164937
0.00170689714251
0.00200337573835
0.144805702634
0.0432609884091
0.55454720866
0.232841179335
0.00259654400319
0.0086810993223
0.00378984680178
0.407444253118
0.72420421218
0.0355809927541
0.465469879569
0.0172013916167
0.877839018113
0.0546412833083
0.621377638878
0.00110065801205
0.268306750225
0.000384806299344
0.0750991823279
0.0771955403016
0.0243144102374
0.495292642015
1.39152316212e-05
0.00054849650064
0.00291451787166
0.00166315425364
0.0987813439586
0.00773327933693
0.0563443067993
0.100637938614
0.00948240056121
0.124155098743
0.519774071871
0.000139864153894
0.904967368126
0.0917679572268
0.591420973758
0.0979480727512
0.44990024876
0.0572445900632
0.883898078029
0.00953440457403
0.0119993310304
0.348686118152
0.0713105871792
0.671511119259
0.0225691489648
0.957183013213
0.00169007628117
0.158538152524
0.0505590826871
0.00128047529066
0.256940898881
0.000263904528508
0.0897545046908
0.5716749684
0.524673520948
0.581817390754
0.0158089342781
0.0559273891082
0.0102635002559
0.00149981626395
0.949660911818
0.0779944828084
0.0669219346863
0.990521161433
0.889786800025
0.208951318358
0.885308868741
0.0527450921535
3.69010866942e-06
0.00281099056872
0.990465361677
0.00311354209719
0.0065267376597
0.0141466124763
0.975505121513
0.13855292685
0.775778024756
0.66339026672
0.00720381499851
7.83304856807e-05
0.841346702873
0.0908375233494
0.332073863337
0.553118760496
0.945045555173
0.23980126327
0.0256696931228
0.00175038294284
0.0471011598786
0.753227366218
0.0207441819884
0.696265640159
0.438127082472
0.498241369163
0.0955506154822
0.478851364223
0.3333
0.876687805476
0.9038952021
0.531818200909
0.0017192695343
0.00254437757404
0.505765658521
0.342112100373
0.880038151935
0.534162499503
0.0240532237142
0.000820440740886
0.00648140871286
0.454192850694
0.367134548971
9.92692192807e-05
0.0162453962407
0.825305114853
0.0534774329399
9.11235500824e-05
3.73477185231e-06
0.817167641819
0.0389625522294
1.13702727119e-05
0.129922351675
0.00289582732905
0.927448149409
0.806140991504
0.000104838540604
3.75522718154e-05
0.0337560475171
0.830771311386
0.267649341894
0.475587790976
0.186222364412
0.0215122663363
0.000326617928373
0.122529071875
0.0447516537367
0.398764425741
0.564758330155
0.77061065678
0.0618625307201
0.114285473339
0.27981261381
0.238926159481
0.458423575737
0.023970442811
0.0470064757217
0.0698073735433
0.149346844515
0.000445228582451
0.37853431741
0.143346811662
0.137852372076
0.000308018189958
0.00417423163304
0.0481319200423
0.000208489941704
0.212423038468
0.0512653560866
0.294434137011
0.00980535853433
0.332532631411
0.725757640969
4.99483697605e-06
0.0238305123
0.0358222775269
0.153169377491
0.00132345351346
0.174454010341
0.231626240878
0.00660531465988
0.000455297234754
0.00343002870807
0.0072531108493
0.00177037939439
0.305534139124
0.270629521599
0.582536088398
0.109603143963
0.0107081542074
0.246384796024
0.0102777700517
0.370590895278
0.98339163798
0.0392928753376
0.00908257195894
0.836854133317
0.0261399531592
0.0910801165328
0.041722809618
0.090250428035
0.0874396608276
0.0860508071034
0.477901540329
0.321847186228
0.538848754901
0.016296529732
0.14794908161
0.0139256872232
0.527816580193
0.00679479724433
0.146890730213
0.0652905669869
0.996094819249
0.068568377186
0.000858541419289
0.000631455146575
0.000212577379879
0.000630206872427
0.00248439996417
0.000210526180043
0.58088508076
0.000615195435442
3.93713202429e-07
0.0195635131336
0.315675806873
0.00443124176549
0.712718075435
0.456451222872
0.754533524166
0.782754683159
0.115921540172
0.000451977342883
0.887928278183
0.0182919216013
0.00306303609593
0.00580785094487
0.00218953916572
0.000342691837291
0.0207924588333
0.0928393702506
0.990576004265
0.753756050575
0.00249136632273
0.000812585239719
0.635874301819
0.00431456105749
0.0182784773975
0.695958448464
0.0599553275371
0.0261962135902
0.0741517338142
0.000786081235818
0.113381129708
0.0289288579252
0.353674718415
0.32197104007
0.167313775216
0.00387809104222
0.000549369109228
0.0209380655669
0.00383504012949
0.000796444300027
0.0353679125721
0.00362902525518
0.317428776373
3.20796890966e-05
0.00135013917176
0.01052971648
0.451530363652
0.0512778552435
0.187320004918
0.0772046497938
0.0892772681926
0.426575342454
0.00673276677239
0.00113290968336
0.0678761403642
0.58751676567
0.324258726009
0.0617987305471
0.00170023623941
4.96855970292e-07
0.182217504953
0.59035762519
0.0981639518589
0.363144782442
0.713583229053
0.700508839366
0.396152607406
0.0967957449972
0.84826010617
0.0104311156144
0.170635428722
0.592070845129
0.0988433613553
0.193967971686
0.00470649857833
0.967631745234
0.0023909245597
0.96111320747
0.000725672903237
0.0121157561348
0.000285322349871
0.836139572569
0.482627974329
0.466260730597
0.107899932857
0.00194355094179
0.0153502102549
0.0553467743103
0.00199640597218
0.101873122731
0.835920022059
0.0217945450733
0.384503811464
6.16311291917e-05
0.00170793421561
0.00257067585772
0.0147291483898
0.077220627022
0.385222696688
0.00012634685919
0.421823102026
0.661097293883
0.0530859158605
0.0405270372657
0.0594731909779
0.00171250296364
0.00485500653977
0.00428081530965
0.00193538223563
0.40631821536
0.212079313008
0.00130897331068
0.366116226838
0.199496374571
0.759924153234
0.888010126071
0.972049813995
0.0276922698339
0.000755458853297
0.042058906114
0.146977082394
0.756542827024
0.1612146631
0.925328692806
0.410184904223
0.216596868798
0.252965826669
0.0137337026095
0.506157321104
0.5035
0.413397664601
0.345940131636
0.6970599189
0.0232101184736
0.840872180343
0.0463862798886
0.828539432186
0.00168959391913
0.0952834499633
0.287592340344
0.110041048768
0.0734683396503
0.50859539034
0.739110523141
0.494757407261
0.127021142054
0.0228201774146
0.0056989473831
0.202113294512
0.165112791593
0.00847491131994
0.00717219094988
2.57678736163e-05
0.599434412175
1.69023022406e-05
0.961724363802
0.154816565796
3.69690795248e-06
0.314159154526
0.722161746151
0.730819712815
0.805638893366
0.403738836083
0.18561925555
0.753915408836
0.0323624228018
0.260154694238
0.000684864359922
0.699225246833
0.915648745345
0.438737256617
0.0451873103792
0.00114051113751
0.0289307701114
0.000813582686668
0.94830964083
0.00485233787573
0.152846180372
0.000331584648634
2.68981938098e-05
0.0104705640647
0.0509115307816
0.285895418605
0.000388306429061
0.0309159261974
0.105998262692
0.185965659113
0.729232923238
0.488884367569
0.944973254785
0.2808185775
0.0681483145067
0.411158712362
0.702989289258
0.0200122437763
0.0357528943246
0.128153259914
0.00184962437466
0.372764785832
0.0594769807209
0.455276031533
0.170577813788
0.00371371478018
0.0701831886955
0.00821456267853
0.4646
0.00361794949057
0.0055190505978
0.011731161467
2.14268088485e-05
6.21752747746e-05
0.064817502161
0.746331082234
0.0629957686461
0.00105905561292
0.00740483551794
0.0114728796733
0.0114743401418
0.00524725806662
0.06802936576
0.273254912088
0.000709267654323
0.572535112154
0.128894954938
0.268675503229
0.00693711131192
0.00492018390569
0.215673234142
0.520332732941
0.208098572552
0.0033421932504
0.0149911409449
1.6828337205e-05
0.0486795813343
0.545478825553
0.0336477186355
0.0188551416881
0.146920102187
0.803734524801
0.361581697421
0.432397413865
0.00066248885839
0.0997683198615
0.137476927517
0.000879674532243
0.0844766944311
0.0078418092061
0.798754723818
0.053012654134
0.794723906404
0.163100538739
0.966986718447
0.83822030038
0.0554875711537
0.434196018915
0.00037988822849
0.000358723414044
0.990051966971
5.52466257732e-05
0.73549524857
0.135475621819
0.2793
0.146615772322
0.0534375745431
6.90199107331e-06
0.0429776995721
0.0436818994071
0.0338010460269
0.00407555138976
0.666500261371
0.998408066886
0.0214311966067
0.5
0.804079571714
0.0192911067387
0.173945535875
0.203269832793
0.0116981741641
2.17887293741e-09
0.615253210029
0.0014577257537
0.5773861846
0.479600236098
0.319686014431
0.631933914557
0.0564671126841
0.0779753001118
0.0240559628055
0.0555961006175
0.0311855104035
0.018182146366
0.205033021959
0.0526287101252
0.0913562689451
0.241564343993
0.966329111006
0.25253410286
0.632446715233
9.70397139972e-06
0.850427230818
0.523345232803
0.000321581600104
0.490959067098
0.0185713608034
0.348675620481
0.0388443457183
0.513574479868
0.0707098302244
0.675024508698
0.0849848461768
0.0347258653708
0.278468477145
0.862510771654
0.0837245082124
0.412288703317
0.0804892766675
0.979761613125
0.00918648215093
0.856608879998
0.126012553625
0.310708504108
0.0450220403121
0.0310028830799
0.455481019871
0.0375893352913
0.701225370774
0.197761936985
0.118851949184
0.0759751139467
0.0962917578058
0.711600380924
0.149493769227
0.32575338553
0.00216595154283
0.671839407015
0.281319403666
0.687069666317
0.00268386015009
0.000483766863377
0.876212867155
0.136062716449
0.438461682838
0.0404293225571
9.62434082944e-06
0.0125717558828
0.402921359028
0.0511284271091
0.0223583814243
0.0247776823463
0.0267848064386
0.450901775401
0.578056488951
0.710412970371
0.739593654105
0.0545504476917
0.000105842770496
0.266383858437
0.00195891186613
0.619987781561
0.0313722720494
0.00932169973634
0.200082983303
0.736719469783
0.971707459174
4.11965738099e-09
0.684897296141
0.0764650368432
0.00025760265608
0.000233119107423
0.00358153986391
0.20438966083
0.00060322202293
0.0819004745956
0.714576172408
0.306167057575
0.6277
0.858580515159
0.0367370737868
0.9472666955
0.0100285085906
0.600464992774
0.838809950255
0.178102394775
0.352196145468
0.0677180787317
0.410768558573
0.0674895714557
0.422012803499
0.567314869298
0.000894171914038
0.560104938319
0.00330431647195
0.0064513530935
0.167650172223
0.168192150011
0.10057070847
0.0418219538581
0.48956869511
0.0127902002718
0.117820274925
0.906766670863
0.00145424743344
8.45848072992e-06
0.301689040457
0.717376064814
0.0770341086026
0.00280401534463
0.414201679798
0.99990696944
0.166499502136
0.00751793815132
0.0618282381999
0.57731443015
0.119065951687
0.0259874000765
0.467149156769
2.79725442453e-06
0.116543008559
0.203774804851
0.00755575299101
0.460197029411
0.0115941945231
0.250527580717
9.5312674859e-05
0.0108961987378
0.00304132545566
0.0662394802906
0.0261079347188
0.0439321898125
0.0620045172148
0.0128275649231
0.0083200425979
0.00157236172382
0.000331413451516
0.00293554567405
0.000184147125402
0.00743403132864
0.1006332933
0.577350055401
0.00227177697694
0.0233403874073
0.906651692175
0.148053542842
0.112826048015
0.0311147316351
0.0482914570364
0.0162606555886
0.412288703317
0.033501898631
7.75222151891e-08
0.953706654514
0.0264161369213
0.73636136931
3.75635587608e-05
0.00121195065141
0.0376436946125
0.000837441425083
0.000883758733927
0.0699221162899
0.973880967792
0.546662162812
0.00019213768978
0.967408723638
0.000309046157564
0.569873682256
0.202440219246
0.0372774446898
0.127459468893
0.0672144204986
0.117578153775
0.0320992611176
0.483743016671
0.0731369452
0.0244605969841
0.695311282792
0.000783425560622
0.0193174312331
0.499326271647
0.820953269226
0.010315089351
1.05305240458e-05
0.0890612420081
0.000832451230342
0.000177157033353
0.00213259923325
0.277237045651
0.0170651707118
0.264998910842
0.00200422971284
0.105163298867
0.154706579082
0.0464190360884
0.00553381845581
0.181073635029
0.00577686007651
0.0829668020665
0.0190230599854
0.00163656259118
0.358743390459
0.0928651289099
0.944999403984
0.316044200604
0.00933436995323
0.0200256287331
2.87300598329e-05
0.00933513161471
0.00147005786767
4.78006491005e-05
0.338521739942
0.00163562729667
0.00201594783612
0.797514785564
0.041881050941
0.00194282523575
0.0178053027004
0.113148979564
0.95574604139
0.292181851292
0.135656104483
0.0860540491929
0.00171427945183
0.00291407854937
0.725645050297
0.558920766364
0.0109814797196
0.780644295896
0.274923767535
0.522257744338
0.808323073731
0.00106341315545
0.00847147474699
0.0163410572625
0.995799129487
0.0296832420876
0.188649360404
0.013222447582
0.103622715307
0.038068998819
4.60772164251e-05
0.0137814169541
0.0265640659927
0.0503413567356
0.00465395940826
0.0155326236599
0.0130200495458
7.0684331655e-05
0.68027523382
0.00828693212043
0.00144080221167
0.919213759321
0.00500870317287
0.0783057017177
0.32225989036
0.405108864145
0.281527154675
0.156777285641
0.126288462778
0.0678601291563
0.000160184976
0.021914987533
0.0285416016385
0.844799865153
0.396988852379
0.309236260514
0.342576334231
0.0123127562001
0.287490725572
0.194316800297
0.00499959477987
0.990456031629
0.0100315850916
1.71137975613e-05
0.000609059796383
0.122771087491
0.0645057797313
0.0693737117376
0.0183455149809
0.000891466094312
0.0360842665762
0.0445933867544
0.95536215895
0.755460612959
0.561602985413
0.00211378605402
0.0106231856036
0.724345729877
0.117125555628
0.502326356568
2.04359758313e-05
0.972681192533
0.00640952995544
0.118158729705
0.115762668955
0.013019330749
0.64338439665
0.957452876668
0.173864929449
0.199152985228
0.0523490277822
0.0368802899516
0.000825041184229
0.0536234481842
0.282112511076
1.92651644163e-06
0.322139494669
0.156417289844
0.0038635402607
0.607249646782
0.00772816353286
0.00517573946675
0.0276092280438
0.0839134104704
0.00459161747888
0.231058676034
0.0231079228189
0.0418849015263
0.000396563035166
0.148559258507
0.437092332995
0.0120482392512
0.0363760542442
0.0144910459835
0.00117571160398
0.905338527726
0.293867020353
1.58624837829e-05
1.61834681575e-05
0.00341099735756
0.476272846363
0.214560029861
0.000848839999424
0.00171647802996
0.000446865452881
0.937335614075
0.675630247671
0.0132068738845
0.407692553789
0.0496700894386
8.53599065925e-05
0.885453887625
0.448212908491
0.99985892764
0.00746936082158
0.314503650753
0.569542694578
0.000661776159562
0.0051703651903
0.00207250771193
7.55767550369e-07
0.637480635015
0.0250814437598
0.855083932975
0.623759099968
0.286442351735
0.348531029461
0.749009251882
0.47594140379
0.0160234489073
0.513556928423
0.0162425476323
0.000107711397598
0.385782705625
0.352925725116
0.0182092119663
0.420732512836
0.0190447415645
0.124548175283
0.0643546805734
0.0359748572834
0.00210034487566
1.44084424513e-05
0.803465157981
0.937569610595
0.699782323612
0.0447509819674
0.00229095939901
0.356499292399
0.124260837742
0.0393189855926
0.00800338793479
0.0317504860846
3.88907597829e-05
0.809526444472
0.113047591252
0.675504400362
0.195800770069
0.11370196228
0.195049719649
0.00147380450342
0.0471038541599
0.0110229767074
0.582451789517
0.04882415586
0.652226517171
0.00594951006318
0.000634770742421
1.49230882102e-09
0.0104185359777
0.0687195937041
0.804740407302
0.579448993454
0.794484261512
0.0306101159046
0.452202670647
0.0018305468293
0.211472732238
0.556705493245
0.0185562934938
0.829984339821
0.0378781373249
0.613147087553
0.219521885378
0.0156215979337
0.293382610999
0.72179049173
0.966591358234
0.0480760995747
0.000350585698705
0.00479922126962
0.00235523985298
0.164042681726
0.00035502431258
0.996809119234
0.620342935239
0.422263560246
0.398763504338
0.0416068432541
0.000740344760009
0.0670217198702
0.379424012895
0.0149717391697
0.314983427468
0.0106582923765
0.000108204398325
0.0357145623611
0.57570461904
1.45511136236e-07
0.174839594093
0.00955185196935
0.165353644145
0.7180206305
0.461075889197
3.35018578182e-05
0.0197351029534
0.964862245826
8.52713630972e-08
0.0144941936409
0.233472775918
0.478104963157
0.110480548681
1.90086262288e-05
0.993165142829
0.777576225099
0.440820280666
0.908620885717
0.00613924012221
0.00329358295886
0.279952630582
0.254144558807
0.735902007391
0.807743046106
0.114311501217
0.114626541516
0.000594152525494
0.683097155007
0.405318202211
0.179179887815
0.0555329593844
0.159818846599
0.0233282542561
0.0478898300222
0.0031898505704
0.264373973424
0.96421583954
0.222360849136
0.488849025751
0.0170837647318
0.662491844984
0.897762538968
0.0297809330241
0.175392263533
0.0309845064335
0.0124697701546
0.975414171575
0.00222976720082
0.249843059078
0.664336599609
0.0295206382539
0.275998815069
0.929815305898
0.0350265548091
0.235634494312
0.474960312558
0.35604392126
0.0149093020676
0.31411319436
0.0597192986131
0.000315424437057
0.476884167201
0.0453898415761
0.000410222916669
0.0233104242207
0.0283371344009
0.0638222628075
0.0175669447045
0.173227302234
0.017941337831
0.600066809722
0.000165175043026
0.0855513652353
0.242875499431
0.119786026646
0.700351495311
0.171035643194
0.205890218287
0.925131248617
0.0102608272607
0.482620590043
0.117263552115
0.0569647208313
0.0601692551551
0.0309833573525
0.0547937538369
0.328760363989
0.0948078491673
0.0577306923096
0.673992159287
0.00269541205592
0.473194909843
0.20877493942
0.255501485558
0.226174512825
0.0397663927291
0.000865631049932
0.999465013852
0.395674352585
0.814370991683
0.117103112815
0.00516868694628
0.0104361444397
1.72998421293e-05
5.37647469071e-05
0.0397958921312
0.927886405967
0.129115404655
0.211499502169
0.265323851043
0.737525798338
0.994120303195
0.0161177483231
0.00380638866219
0.34394566185
0.0106203670613
0.5
0.0207366706962
0.354471356198
0.195547250679
0.452018893766
0.267656035369
0.801167416445
0.143882672218
0.137850062704
0.503501851919
0.399866235728
0.26322268891
0.152581197884
6.55313015123e-05
0.0971790817464
0.0013124924171
0.0192240435083
0.00444924071769
0.0659194273822
0.0739074719944
0.996443217958
0.472590934101
0.206904374201
0.0975655975548
1.39975945096e-05
0.0157535481201
0.0158983543428
0.00190736257204
0.199948884612
0.97173971962
0.0306223462673
0.00371603672629
0.000795802676088
0.113306665012
0.63903719405
0.926344556577
0.863323486488
0.227006566363
0.272154297148
0.00163606497226
0.00768060822842
0.00207744659988
0.179319996496
0.0502403432577
1.11052472148e-05
0.000691940285461
0.731315587356
0.0095347011159
0.217131531334
0.327381084397
0.00854131093879
0.999947720837
0.00241571794111
0.0198552533136
0.0127950278385
0.600086428994
0.962367146687
0.238977342828
0.303621501936
0.00600838348661
0.155573568455
0.024306477416
0.244740564035
0.0053831115381
0.471877251388
0.000289865622524
0.0017592181572
0.675408663892
0.996693478039
0.286810167638
0.193387331758
0.77498228861
0.5
0.00144728013687
0.0904820951424
0.10340260458
0.98993464376
0.523408720882
0.00564872671361
0.361142657845
0.0901539807027
0.132074166335
5.78583855744e-05
0.831495237316
0.293214883991
0.007930095541
0.0688270000779
0.00314606937084
0.000113097797381
0.869168125952
0.168183211573
0.038434881593
0.700413590518
0.214434900168
3.35700334263e-06
0.603985745251
6.69338030647e-05
0.947207473254
0.0222184318505
0.0091788541678
0.0244388196444
0.0461070833702
0.0835549647875
0.0119231395963
0.717333723751
0.00488629551069
0.0194004989022
0.0311036692137
0.153035629985
0.0701436812389
0.0170538557011
0.000254841300715
0.0273778639247
0.249497460133
0.144938420249
0.170813929673
0.1305820797
0.0309038673645
0.149728368947
0.0096642304534
0.0107363887631
0.466990415215
0.00736957560397
0.771720962827
0.00410185435724
0.189264353009
0.982862239308
0.00893242528191
0.0526554896045
0.485546453096
7.25970398311e-06
0.00464753164152
0.438846273627
0.870680657039
0.73399624134
0.0050024237773
0.0379344388373
0.000607390004739
0.545032119258
0.000533184538684
0.946460430803
0.0836766766163
0.504536831938
0.0747915536592
0.490450168589
0.0436043208734
0.00591729863278
0.0915317184782
0.0017988835364
0.00149773823023
0.0191817096004
0.0234210173115
0.247270216424
0.99201432722
0.594916331869
0.0387284281742
3.14338655335e-05
0.659257950258
0.874222026556
0.107558708177
0.520163315559
0.470044616225
0.539975465875
0.145338907313
0.902421082887
0.000726941730592
3.24253829853e-05
0.0223272891811
0.00127992763155
0.137873169192
0.0477837296281
0.302552839296
0.128703505208
0.0217492992146
0.0104604281911
0.172482531297
0.0649933167912
0.559824697027
0.42819806268
0.979871014368
0.00373665658045
0.00637441734202
0.384390653782
0.491484832358
0.986949030928
2.77076107724e-07
0.111181564858
0.00291433558267
0.000147682391053
0.0445212481691
0.206227822213
0.242507253043
0.322823825961
0.133664830921
0.64871417056
0.436075210652
0.446062288913
0.000778752819146
0.0513342935107
0.810590361451
0.103120369213
0.95457766058
0.5344280587
0.792591405766
0.0124998915435
0.517483938637
0.0798267631355
0.00589349599494
0.0754672523368
0.789898525949
0.235365044383
0.672123362793
0.0839235307692
0.936730414033
0.0040126546007
0.0698073735433
0.210279179688
0.0310270632522
7.81996248527e-05
0.113663067461
3.99451056866e-05
0.185887535755
0.520052708646
0.244792303925
3.61680125769e-05
0.00378095730636
0.126235314083
0.188619244765
0.000740905782851
0.262641243749
0.181221703953
0.000724957228875
0.0432837735241
0.0168817535104
0.0512271568184
0.0196542210821
0.578007357229
0.155979678674
0.00396120734836
0.890138793237
0.269893804344
0.339972361545
2.35549242696e-07
0.599840893495
0.149025092149
0.00839494589992
0.0210994560368
0.042850611194
0.120800519347
0.0502195814647
0.538174660742
0.999436390685
0.202479859431
0.781163514859
0.00156344624242
0.195090412707
0.931511736383
0.00078969873945
0.873081845042
0.0311261947813
0.0688387059683
0.00812689662508
0.473270967768
0.00342758219858
0.566751002093
0.000798987474787
0.702852811091
0.063609650545
0.0100651507455
0.017227407069
0.100438478684
0.927477459646
0.0103321829383
0.280208974299
0.0134468657384
0.201771207606
0.0990900654732
0.056583124334
0.0203641719558
0.0293092296337
0.797568054101
0.00425141511749
0.567451534765
0.520139557355
0.436364959165
0.0543293207296
0.26825720653
0.750164552765
0.293957892836
0.014466502023
0.00147183330534
0.246589306151
0.285348289442
0.0194057885291
0.00675281903406
0.0246883318946
0.106535820145
0.147598975258
0.127404652394
0.0102591523282
0.675456320202
0.00439213126591
0.7119561622
0.931550651815
0.112118725877
0.0948912169475
0.0675352188587
0.206974040434
0.319703609245
0.00320346325336
0.00145676579947
0.24876108873
0.484396889377
0.770252799512
0.0272914322182
0.0870184922487
0.934519266779
0.0050671860534
0.0278779015524
0.326351182392
0.0173167031236
0.0236912234419
0.998257759506
0.388439522626
0.00313590114652
1.9331624462e-08
0.908355392999
0.218431109682
0.397166382993
0.0325447944009
0.129137546655
0.534886023422
0.8512736923
0.0758279121565
0.00690721113723
0.0351251182023
0.291547818477
0.0624367698471
0.145250822149
0.0707529599203
0.307886658559
0.0294806087998
0.209530449954
0.000274354631803
0.0578972910812
0.716572174714
0.131138830563
0.0620012621957
0.210310777547
0.0044714629994
0.294137825802
0.411832556552
0.0196208681585
0.204475738512
0.0120043174165
0.84774201849
0.0531775438018
0.00175162703312
0.00064749133187
0.0569921064848
0.034651996973
0.125647709789
0.00167721998634
0.414449842431
0.0313375181954
0.481412129203
0.00332328122253
0.0326469782645
0.0166171829239
0.00556701514524
0.00169179204985
0.0105140200467
0.00366522405084
0.0546998909596
0.12031226472
0.0184245246671
0.11902119128
0.00413367687407
3.8434030289e-06
0.133636337018
0.767611823435
0.360587073448
0.0285292897137
0.17512657087
0.287649805717
0.077441154739
0.212905472194
2.4939132118e-05
0.039512583005
0.0552795093847
0.0380436698129
0.509800314538
0.0283631436824
0.999477758491
0.000116965973583
0.227463200538
0.135155836271
0.374113974261
0.955721210269
2.27283406866e-08
0.123980917772
0.0134418420083
0.0292814645914
0.0106115837956
0.0014550244221
0.528356061669
0.0879266201438
0.489486114083
0.0313515446596
1.08595931518e-05
0.0633421518301
0.214105749513
0.000769052835982
0.565046244898
0.853857839463
0.00539649913465
0.000160214409924
0.0143582483256
0.561015059523
0.329056108873
0.00508910476805
0.177501810099
0.0110562632701
0.0236435959306
0.82947933244
0.00576619676225
0.171841501356
0.0356396230858
0.337792693201
0.0410808392153
0.0391013548664
0.365570064979
0.011773028855
0.118982671078
0.0125846649289
0.351013490545
0.0226246883491
0.000457443008869
0.839039722768
0.2857
0.00281745300687
0.81955636899
0.450947309556
0.0284858861549
0.000249651275584
0.00939102698959
0.000190078622229
0.0722066283962
0.189478307651
0.371648029416
0.464396398503
0.0713010550073
0.0944238405706
0.00112868156044
0.275773971149
0.819581736868
0.00697801745643
0.145041048728
0.68835315457
1.96703779269e-06
0.016884452826
0.621522203271
0.0112526325015
0.00053146675365
0.00991030156273
0.514785273369
0.346837310662
0.671269158618
0.229496348978
0.374233231462
0.0107569047191
0.0173843697719
0.0163170205105
0.0841801116263
0.304763344215
0.0511944822379
1.25845497666e-08
0.0513767701131
0.00478369638915
0.95343566544
0.291526497765
0.312415643438
0.0540904684892
0.0104032066931
0.00205235386066
0.351191956866
0.69368125435
0.944090736228
0.438711764126
0.000800632501827
0.0097501215902
0.0848510282445
0.0298470415712
0.693874297153
0.827881603657
0.0154526654178
0.432851923838
0.101724511277
9.91632444631e-06
0.163306033994
0.0175697329787
0.0107819227931
0.0366727924896
0.00209088107514
0.00288734236659
0.0759594194734
0.245419971706
0.0291964076585
1.3504597569e-05
0.366019867155
0.000473830467862
0.126482124729
0.00598885860325
0.467785015565
